   1.5707963267948966e+00   2.4140000000000001e+00   0.0000000000000000e+00   2.9999999999999999e-02  -2.0300000000000000e+02
   1.5620538351299715e+00   2.4020917967471602e+00   0.0000000000000000e+00   2.9999999999999999e-02  -2.0300000000000000e+02
   1.5532835219010221e+00   2.3983677783025690e+00   0.0000000000000000e+00   2.9999999999999999e-02  -2.0600000000000000e+02
   1.5446068899039851e+00   2.4058250144181308e+00   0.0000000000000000e+00   2.9999999999999999e-02  -2.0200000000000000e+02
   1.5357446822770793e+00   2.4254898474328850e+00   0.0000000000000000e+00   2.9999999999999999e-02  -2.0200000000000000e+02
   1.5270742081933091e+00   2.4022957769600310e+00   0.0000000000000000e+00   2.9999999999999999e-02  -2.0200000000000000e+02
   1.5184771290240864e+00   2.3902706959672999e+00   0.0000000000000000e+00   2.9999999999999999e-02  -2.0200000000000000e+02
   1.5095234292079862e+00   2.4495969056152891e+00   0.0000000000000000e+00   2.9999999999999999e-02  -1.9900000000000000e+02
   1.5010735993505959e+00   2.3827893318545805e+00   0.0000000000000000e+00   2.9999999999999999e-02  -1.9900000000000000e+02
   1.4922279736548498e+00   2.4335071399114492e+00   0.0000000000000000e+00   2.9999999999999999e-02  -1.9500000000000000e+02
   1.4834036569025422e+00   2.3830946267406170e+00   0.0000000000000000e+00   2.9999999999999999e-02  -1.9900000000000000e+02
   1.4746174814908806e+00   2.3950691012995846e+00   0.0000000000000000e+00   2.9999999999999999e-02  -1.9400000000000000e+02
   1.4660903428454573e+00   2.4494146239458927e+00   0.0000000000000000e+00   2.9999999999999999e-02  -1.9500000000000000e+02
   1.4572987247676872e+00   2.4105090748636480e+00   0.0000000000000000e+00   2.9999999999999999e-02  -1.9800000000000000e+02
   1.4484863191724893e+00   2.4261244815548930e+00   0.0000000000000000e+00   2.9999999999999999e-02  -2.0200000000000000e+02
   1.4398021789428310e+00   2.5034482219530725e+00   0.0000000000000000e+00   2.9999999999999999e-02  -2.0200000000000000e+02
   1.4311769065165483e+00   2.4215641639238057e+00   0.0000000000000000e+00   2.9999999999999999e-02  -2.0100000000000000e+02
   1.4224168540869484e+00   2.4216087627855991e+00   0.0000000000000000e+00   2.9999999999999999e-02  -1.9900000000000000e+02
   1.4139158445608797e+00   2.4257899744207041e+00   0.0000000000000000e+00   2.9999999999999999e-02  -1.9900000000000000e+02
   1.4047777352528108e+00   2.4567793958758286e+00   0.0000000000000000e+00   2.9999999999999999e-02  -1.9900000000000000e+02
   1.3962190494759779e+00   2.4411046679730881e+00   0.0000000000000000e+00   2.9999999999999999e-02  -1.9900000000000000e+02
   1.3877453664742498e+00   2.4336593845482977e+00   0.0000000000000000e+00   2.9999999999999999e-02  -1.9900000000000000e+02
   1.3787152247246759e+00   2.4724710311750875e+00   0.0000000000000000e+00   2.9999999999999999e-02  -1.9800000000000000e+02
   1.3701977029471790e+00   2.4491108590670208e+00   0.0000000000000000e+00   2.9999999999999999e-02  -1.9800000000000000e+02
   1.3611905768666630e+00   2.4414356432230604e+00   0.0000000000000000e+00   2.9999999999999999e-02  -1.9800000000000000e+02
   1.3526471088831675e+00   2.5043540085219580e+00   0.0000000000000000e+00   2.9999999999999999e-02  -1.9500000000000000e+02
   1.3438141382798248e+00   2.4529174466337023e+00   0.0000000000000000e+00   2.9999999999999999e-02  -1.9800000000000000e+02
   1.3353458625432466e+00   2.4691247437098029e+00   0.0000000000000000e+00   2.9999999999999999e-02  -1.9800000000000000e+02
   1.3265829940457281e+00   2.5352256309843506e+00   0.0000000000000000e+00   2.9999999999999999e-02  -1.9800000000000000e+02
   1.3176289303088700e+00   2.5471945351700174e+00   0.0000000000000000e+00   2.9999999999999999e-02  -1.9800000000000000e+02
   1.3089865164286327e+00   2.5074459116798513e+00   0.0000000000000000e+00   2.9999999999999999e-02  -1.9800000000000000e+02
   1.3000600027691553e+00   2.5426167623139748e+00   0.0000000000000000e+00   2.9999999999999999e-02  -1.9500000000000000e+02
   1.2916751552959145e+00   2.5080673834648066e+00   0.0000000000000000e+00   2.9999999999999999e-02  -1.9800000000000000e+02
   1.2829674091679844e+00   2.5081804161582952e+00   0.0000000000000000e+00   2.9999999999999999e-02  -1.9800000000000000e+02
   1.2742505177251962e+00   2.5973711710111824e+00   0.0000000000000000e+00   2.9999999999999999e-02  -1.9800000000000000e+02
   1.2652361487364905e+00   2.5197168491717479e+00   0.0000000000000000e+00   2.9999999999999999e-02  -1.9800000000000000e+02
   1.2567388676647200e+00   2.5896658085552278e+00   0.0000000000000000e+00   2.9999999999999999e-02  -1.9800000000000000e+02
   1.2478096790846684e+00   2.5582845815116038e+00   0.0000000000000000e+00   2.9999999999999999e-02  -1.9800000000000000e+02
   1.2391451058102658e+00   2.5552455850661402e+00   0.0000000000000000e+00   2.9999999999999999e-02  -1.9800000000000000e+02
   1.2305454618773544e+00   2.5470180603992580e+00   0.0000000000000000e+00   2.9999999999999999e-02  -1.9800000000000000e+02
   1.2217247621727521e+00   2.5582886858210507e+00   0.0000000000000000e+00   2.9999999999999999e-02  -1.9800000000000000e+02
   1.2129483681566555e+00   2.6637406029867097e+00   0.0000000000000000e+00   2.9999999999999999e-02  -1.9900000000000000e+02
   1.2043894900322121e+00   2.6209788247904635e+00   0.0000000000000000e+00   2.9999999999999999e-02  -1.9500000000000000e+02
   1.1956983797259628e+00   2.6094290563263067e+00   0.0000000000000000e+00   2.9999999999999999e-02  -2.0400000000000000e+02
   1.1867428977098757e+00   2.7223107831399411e+00   0.0000000000000000e+00   2.9999999999999999e-02  -1.9800000000000000e+02
   1.1780453844804233e+00   2.7146979574162575e+00   0.0000000000000000e+00   2.9999999999999999e-02  -1.9500000000000000e+02
   1.1694122723961704e+00   2.6952124220550777e+00   0.0000000000000000e+00   2.9999999999999999e-02  -1.9800000000000000e+02
   1.1605816156713029e+00   2.7381718353675324e+00   0.0000000000000000e+00   2.9999999999999999e-02  -1.9500000000000000e+02
   1.1520244121209078e+00   2.7813381671418527e+00   0.0000000000000000e+00   2.9999999999999999e-02  -1.9800000000000000e+02
   1.1432071799195020e+00   2.7539426283058255e+00   0.0000000000000000e+00   2.9999999999999999e-02  -1.9800000000000000e+02
   1.1344749239387182e+00   2.7661543702403883e+00   0.0000000000000000e+00   2.9999999999999999e-02  -1.9800000000000000e+02
   1.1257700469373968e+00   2.7620228094641073e+00   0.0000000000000000e+00   2.9999999999999999e-02  -1.9500000000000000e+02
   1.1168897063954422e+00   2.8005844032987115e+00   0.0000000000000000e+00   2.9999999999999999e-02  -1.9900000000000000e+02
   1.1082434937095456e+00   2.8594854432222592e+00   0.0000000000000000e+00   2.9999999999999999e-02  -1.9800000000000000e+02
   1.0996240439326181e+00   2.7933751985725079e+00   0.0000000000000000e+00   2.9999999999999999e-02  -1.9900000000000000e+02
   1.0907054074662119e+00   2.8558448837428125e+00   0.0000000000000000e+00   2.9999999999999999e-02  -2.0200000000000000e+02
   1.0821659301301234e+00   2.7928259881345991e+00   0.0000000000000000e+00   2.9999999999999999e-02  -1.9900000000000000e+02
   1.0732580236011167e+00   2.8244341026124156e+00   0.0000000000000000e+00   2.9999999999999999e-02  -2.0100000000000000e+02
   1.0645388650974426e+00   2.8871482469731267e+00   0.0000000000000000e+00   2.9999999999999999e-02  -1.9900000000000000e+02
   1.0559909107460395e+00   2.8860673935305114e+00   0.0000000000000000e+00   2.9999999999999999e-02  -1.9900000000000000e+02
   1.0473343689065122e+00   2.9026878922819104e+00   0.0000000000000000e+00   2.9999999999999999e-02  -1.9900000000000000e+02
   1.0384902387548820e+00   2.8747539025106130e+00   0.0000000000000000e+00   2.9999999999999999e-02  -1.9900000000000000e+02
   1.0297242787139864e+00   2.8909522652579378e+00   0.0000000000000000e+00   2.9999999999999999e-02  -1.9900000000000000e+02
   1.0208297332880636e+00   2.9101206160570041e+00   0.0000000000000000e+00   2.9999999999999999e-02  -2.0200000000000000e+02
   1.0123781839980874e+00   2.9253821972521812e+00   0.0000000000000000e+00   2.9999999999999999e-02  -2.0200000000000000e+02
   1.0037281350724885e+00   2.9413875977164250e+00   0.0000000000000000e+00   2.9999999999999999e-02  -2.0200000000000000e+02
   9.9467361728077686e-01   2.9883808324910661e+00   0.0000000000000000e+00   2.9999999999999999e-02  -2.0200000000000000e+02
   9.8628262941166611e-01   2.9413156919990753e+00   0.0000000000000000e+00   2.9999999999999999e-02  -2.0600000000000000e+02
   9.7753443187661848e-01   3.0586591833677712e+00   0.0000000000000000e+00   2.9999999999999999e-02  -2.0600000000000000e+02
   9.6885410575408126e-01   2.9845770219580525e+00   0.0000000000000000e+00   2.9999999999999999e-02  -2.0600000000000000e+02
   9.5985442049741876e-01   3.0350085667094917e+00   0.0000000000000000e+00   2.9999999999999999e-02  -1.9500000000000000e+02
   9.5102235195074836e-01   2.9336257430013117e+00   0.0000000000000000e+00   2.9999999999999999e-02  -2.0300000000000000e+02
   9.4251083078325937e-01   2.8787332283488860e+00   0.0000000000000000e+00   2.9999999999999999e-02  -2.0200000000000000e+02
   9.3385788014291271e-01   2.9256630017826728e+00   0.0000000000000000e+00   2.9999999999999999e-02  -2.0200000000000000e+02
   9.2515611003053200e-01   2.8984066312372390e+00   0.0000000000000000e+00   2.9999999999999999e-02  -2.0200000000000000e+02
   9.1638344797459448e-01   2.8043669517379501e+00   0.0000000000000000e+00   2.9999999999999999e-02  -2.0200000000000000e+02
   9.0756624434047373e-01   2.7271307266062625e+00   0.0000000000000000e+00   2.9999999999999999e-02  -1.9900000000000000e+02
   8.9872096323808015e-01   2.6951001836666482e+00   0.0000000000000000e+00   2.9999999999999999e-02  -1.9900000000000000e+02
   8.9002116951883714e-01   2.7693235636162132e+00   0.0000000000000000e+00   2.9999999999999999e-02  -1.9800000000000000e+02
   8.8136862650407855e-01   2.7967490055419701e+00   0.0000000000000000e+00   2.9999999999999999e-02  -1.9500000000000000e+02
   8.7283783679409099e-01   2.6639491361510639e+00   0.0000000000000000e+00   2.9999999999999999e-02  -1.9500000000000000e+02
   8.6404286413793796e-01   2.6641276245705647e+00   0.0000000000000000e+00   2.9999999999999999e-02  -1.9500000000000000e+02
   8.5522978647034853e-01   2.5943338258597333e+00   0.0000000000000000e+00   2.9999999999999999e-02  -1.9500000000000000e+02
   8.4649080442113345e-01   2.5942648284244227e+00   0.0000000000000000e+00   2.9999999999999999e-02  -1.9500000000000000e+02
   8.3766162481007900e-01   2.5582699232098243e+00   0.0000000000000000e+00   2.9999999999999999e-02  -1.9800000000000000e+02
   8.2924468707554311e-01   2.4843325059258876e+00   0.0000000000000000e+00   2.9999999999999999e-02  -1.9800000000000000e+02
   8.2027098630673523e-01   2.5351049287948615e+00   0.0000000000000000e+00   2.9999999999999999e-02  -1.9100000000000000e+02
   8.1154914209410811e-01   2.4608659045141001e+00   0.0000000000000000e+00   2.9999999999999999e-02  -1.9400000000000000e+02
   8.0291973459055144e-01   2.4215053169464649e+00   0.0000000000000000e+00   2.9999999999999999e-02  -1.9400000000000000e+02
   7.9416986824189117e-01   2.4183982302342186e+00   0.0000000000000000e+00   2.9999999999999999e-02  -1.9600000000000000e+02
   7.8539816339744828e-01   2.4847732290895279e+00   0.0000000000000000e+00   2.9999999999999999e-02  -1.9100000000000000e+02
   7.7682102975453082e-01   2.3908159694966069e+00   0.0000000000000000e+00   2.9999999999999999e-02  -1.9100000000000000e+02
   7.6793777266078389e-01   2.4299893003879665e+00   0.0000000000000000e+00   2.9999999999999999e-02  -1.9100000000000000e+02
   7.5901666035345039e-01   2.3321425771165880e+00   0.0000000000000000e+00   2.9999999999999999e-02  -1.9000000000000000e+02
   7.5034086424297364e-01   2.3200286636160339e+00   0.0000000000000000e+00   2.9999999999999999e-02  -1.9000000000000000e+02
   7.4173512831511124e-01   2.3165683672190638e+00   0.0000000000000000e+00   2.9999999999999999e-02  -1.9100000000000000e+02
   7.3320679781034448e-01   2.2771561211300377e+00   0.0000000000000000e+00   2.9999999999999999e-02  -1.9000000000000000e+02
   7.2430076732339033e-01   2.2698052779919249e+00   0.0000000000000000e+00   2.9999999999999999e-02  -1.8700000000000000e+02
   7.1558175118510126e-01   2.2299905829397577e+00   0.0000000000000000e+00   2.9999999999999999e-02  -1.8800000000000000e+02
   7.0678794997615857e-01   2.2420885352724143e+00   0.0000000000000000e+00   2.9999999999999999e-02  -1.8700000000000000e+02
   6.9812439732304843e-01   2.2309273856403302e+00   0.0000000000000000e+00   2.9999999999999999e-02  -1.8700000000000000e+02
   6.8945929054416144e-01   2.2071304900254538e+00   0.0000000000000000e+00   2.9999999999999999e-02  -1.8600000000000000e+02
   6.8045268692015748e-01   2.1600745357510238e+00   0.0000000000000000e+00   2.9999999999999999e-02  -1.8700000000000000e+02
   6.7180839931036873e-01   2.1834747536896320e+00   0.0000000000000000e+00   2.9999999999999999e-02  -1.8600000000000000e+02
   6.6320299270609329e-01   2.1522176934501771e+00   0.0000000000000000e+00   2.9999999999999999e-02  -1.8800000000000000e+02
   6.5460548954559972e-01   2.1253310330393242e+00   0.0000000000000000e+00   2.9999999999999999e-02  -1.8600000000000000e+02
   6.4585404562754800e-01   2.1250058823447997e+00   0.0000000000000000e+00   2.9999999999999999e-02  -1.8600000000000000e+02
   6.3712388704150835e-01   2.1012427275305443e+00   0.0000000000000000e+00   2.9999999999999999e-02  -1.8600000000000000e+02
   6.2833465511411013e-01   2.0704381178871296e+00   0.0000000000000000e+00   2.9999999999999999e-02  -1.8600000000000000e+02
   6.1968919917457432e-01   2.0747881819597875e+00   0.0000000000000000e+00   2.9999999999999999e-02  -1.8600000000000000e+02
   6.1096113860977808e-01   2.0901064566188969e+00   0.0000000000000000e+00   2.9999999999999999e-02  -1.8300000000000000e+02
   6.0231217913304702e-01   2.0739590159885033e+00   0.0000000000000000e+00   2.9999999999999999e-02  -1.8300000000000000e+02
   5.9334086860005575e-01   2.0782138965948618e+00   0.0000000000000000e+00   2.9999999999999999e-02  -1.8200000000000000e+02
   5.8460125612032632e-01   2.0385350131896187e+00   0.0000000000000000e+00   2.9999999999999999e-02  -1.8300000000000000e+02
   5.7596639822684603e-01   2.0508751790394264e+00   0.0000000000000000e+00   2.9999999999999999e-02  -1.8300000000000000e+02
   5.6706970099689991e-01   2.0273186725327617e+00   0.0000000000000000e+00   2.9999999999999999e-02  -1.7900000000000000e+02
   5.5854621987796516e-01   1.9964000100180326e+00   0.0000000000000000e+00   2.9999999999999999e-02  -1.8300000000000000e+02
   5.4990851842618949e-01   1.9881011040689052e+00   0.0000000000000000e+00   2.9999999999999999e-02  -1.8200000000000000e+02
   5.4093594023155678e-01   1.9924708278918415e+00   0.0000000000000000e+00   2.9999999999999999e-02  -1.8200000000000000e+02
   5.3211186455063775e-01   1.9611539970129832e+00   0.0000000000000000e+00   2.9999999999999999e-02  -1.8200000000000000e+02
   5.2351289871692930e-01   1.9882957526484837e+00   0.0000000000000000e+00   2.9999999999999999e-02  -1.8200000000000000e+02
   5.1454743178458195e-01   1.9689481963728757e+00   0.0000000000000000e+00   2.9999999999999999e-02  -1.7900000000000000e+02
   5.0633874158456693e-01   1.9176102315121288e+00   0.0000000000000000e+00   2.9999999999999999e-02  -1.8200000000000000e+02
   4.9739497796845294e-01   1.9218766869911297e+00   0.0000000000000000e+00   2.9999999999999999e-02  -1.8000000000000000e+02
   4.8851096831373936e-01   1.8708254862493188e+00   0.0000000000000000e+00   2.9999999999999999e-02  -1.8200000000000000e+02
   4.8010604641582472e-01   1.8749733331437011e+00   0.0000000000000000e+00   2.9999999999999999e-02  -1.7900000000000000e+02
   4.7095563967680482e-01   1.8358608335056337e+00   0.0000000000000000e+00   2.9999999999999999e-02  -1.8200000000000000e+02
   4.6248616933721420e-01   1.9252558271564848e+00   0.0000000000000000e+00   2.9999999999999999e-02  -1.7900000000000000e+02
   4.5383254676778784e-01   1.9137191538990248e+00   0.0000000000000000e+00   2.9999999999999999e-02  -1.7900000000000000e+02
   4.4535551783274402e-01   1.8826369804080658e+00   0.0000000000000000e+00   2.9999999999999999e-02  -1.7900000000000000e+02
   4.3614683707357366e-01   1.8866131028909980e+00   0.0000000000000000e+00   2.9999999999999999e-02  -1.7800000000000000e+02
   4.2767828083120013e-01   1.8902528931336144e+00   0.0000000000000000e+00   2.9999999999999999e-02  -1.7900000000000000e+02
   4.1887297813690588e-01   1.8783908006589043e+00   0.0000000000000000e+00   2.9999999999999999e-02  -1.7800000000000000e+02
   4.1006192548303777e-01   1.8285978234702129e+00   0.0000000000000000e+00   2.9999999999999999e-02  -1.7800000000000000e+02
   4.0131644398402777e-01   1.9097329656263464e+00   0.0000000000000000e+00   2.9999999999999999e-02  -1.7800000000000000e+02
   3.9267932695060304e-01   1.7848501337647371e+00   0.0000000000000000e+00   2.9999999999999999e-02  -1.7700000000000000e+02
   3.8378896753020197e-01   1.8668052924716065e+00   0.0000000000000000e+00   2.9999999999999999e-02  -1.7800000000000000e+02
   3.7551812570417242e-01   1.8241080011885262e+00   0.0000000000000000e+00   2.9999999999999999e-02  -1.7900000000000000e+02
   3.6655750107653789e-01   1.8638197337725555e+00   0.0000000000000000e+00   2.9999999999999999e-02  -1.7800000000000000e+02
   3.5804296465676588e-01   1.7691944494599796e+00   0.0000000000000000e+00   2.9999999999999999e-02  -1.7800000000000000e+02
   3.4919601300297110e-01   1.8091879393805386e+00   0.0000000000000000e+00   2.9999999999999999e-02  -1.7800000000000000e+02
   3.4034894114972830e-01   1.7854145176961007e+00   0.0000000000000000e+00   2.9999999999999999e-02  -1.7700000000000000e+02
   3.3164396556483233e-01   1.7260556190343346e+00   0.0000000000000000e+00   2.9999999999999999e-02  -1.7700000000000000e+02
   3.2262851729660741e-01   1.8009178215565529e+00   0.0000000000000000e+00   2.9999999999999999e-02  -1.7800000000000000e+02
   3.1402443881595665e-01   1.7190654437804280e+00   0.0000000000000000e+00   2.9999999999999999e-02  -1.7800000000000000e+02
   3.0545251704492071e-01   1.7657341249463350e+00   0.0000000000000000e+00   2.9999999999999999e-02  -1.7800000000000000e+02
   2.9654580906970046e-01   1.7692238411235588e+00   0.0000000000000000e+00   2.9999999999999999e-02  -1.7800000000000000e+02
   2.8778749421673872e-01   1.7228537372626846e+00   0.0000000000000000e+00   2.9999999999999999e-02  -1.7900000000000000e+02
   2.7925015376837781e-01   1.7341779032152382e+00   0.0000000000000000e+00   2.9999999999999999e-02  -1.7800000000000000e+02
   2.7058614336837239e-01   1.7807953279363689e+00   0.0000000000000000e+00   2.9999999999999999e-02  -1.7800000000000000e+02
   2.6181889263209857e-01   1.8003546872769267e+00   0.0000000000000000e+00   2.9999999999999999e-02  -1.7800000000000000e+02
   2.5304741580747631e-01   1.7734782208981312e+00   0.0000000000000000e+00   2.9999999999999999e-02  -1.7800000000000000e+02
   2.4414706248696386e-01   1.7498951397155202e+00   0.0000000000000000e+00   2.9999999999999999e-02  -1.7800000000000000e+02
   2.3531712800880211e-01   1.7070454006850551e+00   0.0000000000000000e+00   2.9999999999999999e-02  -1.8000000000000000e+02
   2.2675552988193984e-01   1.7302939056703632e+00   0.0000000000000000e+00   2.9999999999999999e-02  -1.7700000000000000e+02
   2.1816408664635692e-01   1.7187402363359041e+00   0.0000000000000000e+00   2.9999999999999999e-02  -1.7900000000000000e+02
   2.0924468363876389e-01   1.7379070746159011e+00   0.0000000000000000e+00   2.9999999999999999e-02  -1.7800000000000000e+02
   2.0104131577767137e-01   1.6675865794614682e+00   0.0000000000000000e+00   2.9999999999999999e-02  -1.7800000000000000e+02
   1.9184320897564150e-01   1.7307515708500745e+00   0.0000000000000000e+00   2.9999999999999999e-02  -1.7800000000000000e+02
   1.8356405790224434e-01   1.6873485117189038e+00   0.0000000000000000e+00   2.9999999999999999e-02  -1.7800000000000000e+02
   1.7429887474253553e-01   1.7068617401535486e+00   0.0000000000000000e+00   2.9999999999999999e-02  -1.7800000000000000e+02
   1.6600959168442592e-01   1.7186276501906979e+00   0.0000000000000000e+00   2.9999999999999999e-02  -1.7600000000000000e+02
   1.5710470163128870e-01   1.7576464377115211e+00   0.0000000000000000e+00   2.9999999999999999e-02  -1.7800000000000000e+02
   1.4837644557041704e-01   1.6369865607267520e+00   0.0000000000000000e+00   2.9999999999999999e-02  -1.7600000000000000e+02
   1.3938869866089648e-01   1.6914047416275029e+00   0.0000000000000000e+00   2.9999999999999999e-02  -1.7800000000000000e+02
   1.3099253892111967e-01   1.7378889492715006e+00   0.0000000000000000e+00   2.9999999999999999e-02  -1.7800000000000000e+02
   1.2220523074990425e-01   1.7309087208746741e+00   0.0000000000000000e+00   2.9999999999999999e-02  -1.7800000000000000e+02
   1.1330973484690000e-01   1.7069461034256470e+00   0.0000000000000000e+00   2.9999999999999999e-02  -1.7800000000000000e+02
   1.0444772789142411e-01   1.7073043079662160e+00   0.0000000000000000e+00   2.9999999999999999e-02  -1.7800000000000000e+02
   9.5678531664841082e-02   1.6957558786570666e+00   0.0000000000000000e+00   2.9999999999999999e-02  -1.7600000000000000e+02
   8.7255415079654966e-02   1.6753736896585192e+00   0.0000000000000000e+00   2.9999999999999999e-02  -1.7600000000000000e+02
   7.8462665536891615e-02   1.6330241884307777e+00   0.0000000000000000e+00   2.9999999999999999e-02  -1.7800000000000000e+02
   6.9927001324193300e-02   1.7031623528013999e+00   0.0000000000000000e+00   2.9999999999999999e-02  -1.7800000000000000e+02
   6.0892945902900966e-02   1.6761065001962137e+00   0.0000000000000000e+00   2.9999999999999999e-02  -1.7600000000000000e+02
   5.2200408568393676e-02   1.6482451274006544e+00   0.0000000000000000e+00   2.9999999999999999e-02  -1.7800000000000000e+02
   4.3476757237543649e-02   1.6795871516536436e+00   0.0000000000000000e+00   2.9999999999999999e-02  -1.7700000000000000e+02
   3.4991545994774741e-02   1.7150498535028071e+00   0.0000000000000000e+00   2.9999999999999999e-02  -1.7800000000000000e+02
   2.6248345910347692e-02   1.7145906216937035e+00   0.0000000000000000e+00   2.9999999999999999e-02  -1.7800000000000000e+02
   1.7468102593644421e-02   1.6602532939283692e+00   0.0000000000000000e+00   2.9999999999999999e-02  -1.7600000000000000e+02
   8.9925633494258011e-03   1.6680674446796209e+00   0.0000000000000000e+00   2.9999999999999999e-02  -1.7600000000000000e+02
  -0.0000000000000000e+00   1.6330000000000000e+00   0.0000000000000000e+00   2.9999999999999999e-02  -1.7800000000000000e+02
  -8.8912891065837975e-03   1.6870666851076161e+00   0.0000000000000000e+00   2.9999999999999999e-02  -1.7800000000000000e+02
  -1.7614149943066627e-02   1.7032642190805278e+00   0.0000000000000000e+00   2.9999999999999999e-02  -1.7800000000000000e+02
  -2.6388594047205685e-02   1.6675805827605454e+00   0.0000000000000000e+00   2.9999999999999999e-02  -1.7800000000000000e+02
  -3.5155498113821453e-02   1.7070547735793364e+00   0.0000000000000000e+00   2.9999999999999999e-02  -1.7800000000000000e+02
  -4.3754892950185698e-02   1.7146410703118016e+00   0.0000000000000000e+00   2.9999999999999999e-02  -1.7800000000000000e+02
  -5.2613773198414017e-02   1.7113681661173905e+00   0.0000000000000000e+00   2.9999999999999999e-02  -1.7600000000000000e+02
  -6.0799676176272223e-02   1.6951321482409565e+00   0.0000000000000000e+00   2.9999999999999999e-02  -1.7600000000000000e+02
  -6.9964834902118148e-02   1.6450246198765537e+00   0.0000000000000000e+00   2.9999999999999999e-02  -1.8000000000000000e+02
  -7.8316121235766284e-02   1.7383282198710348e+00   0.0000000000000000e+00   2.9999999999999999e-02  -1.7800000000000000e+02
  -8.7020036023139638e-02   1.6914000118245243e+00   0.0000000000000000e+00   2.9999999999999999e-02  -1.7800000000000000e+02
  -9.6137552840205573e-02   1.7189374625040901e+00   0.0000000000000000e+00   2.9999999999999999e-02  -1.7800000000000000e+02
  -1.0478518438745248e-01   1.7113868645049255e+00   0.0000000000000000e+00   2.9999999999999999e-02  -1.7600000000000000e+02
  -1.1330973484690000e-01   1.7069461034256470e+00   0.0000000000000000e+00   2.9999999999999999e-02  -1.7600000000000000e+02
  -1.2238001357279886e-01   1.6956821636143962e+00   0.0000000000000000e+00   2.9999999999999999e-02  -1.7800000000000000e+02
  -1.3070594841859381e-01   1.7186599430952012e+00   0.0000000000000000e+00   2.9999999999999999e-02  -1.7600000000000000e+02
  -1.3945007743263022e-01   1.7338310182944590e+00   0.0000000000000000e+00   2.9999999999999999e-02  -1.8000000000000000e+02
  -1.4840631986989977e-01   1.7381052902514278e+00   0.0000000000000000e+00   2.9999999999999999e-02  -1.7800000000000000e+02
  -1.5690163716488345e-01   1.7343038949388312e+00   0.0000000000000000e+00   2.9999999999999999e-02  -1.7800000000000000e+02
  -1.6562926176824702e-01   1.7104072614438937e+00   0.0000000000000000e+00   2.9999999999999999e-02  -1.7600000000000000e+02
  -1.7435816154342437e-01   1.6601713766957915e+00   0.0000000000000000e+00   2.9999999999999999e-02  -1.7700000000000000e+02
  -1.8340414611763145e-01   1.7381513167730824e+00   0.0000000000000000e+00   2.9999999999999999e-02  -1.7800000000000000e+02
  -1.9220490459432210e-01   1.7380046029858494e+00   0.0000000000000000e+00   2.9999999999999999e-02  -1.7800000000000000e+02
  -2.0100646719821358e-01   1.7379925201219941e+00   0.0000000000000000e+00   2.9999999999999999e-02  -1.7800000000000000e+02
  -2.0943495995033215e-01   1.7267315946608495e+00   0.0000000000000000e+00   2.9999999999999999e-02  -1.7800000000000000e+02
  -2.1818486022858943e-01   1.7924965829814015e+00   0.0000000000000000e+00   2.9999999999999999e-02  -1.7800000000000000e+02
  -2.2684196079367380e-01   1.7385387542416189e+00   0.0000000000000000e+00   2.9999999999999999e-02  -1.7800000000000000e+02
  -2.3552234655686008e-01   1.7184417359922333e+00   0.0000000000000000e+00   2.9999999999999999e-02  -1.7600000000000000e+02
  -2.4426509110583397e-01   1.6994475572961938e+00   0.0000000000000000e+00   2.9999999999999999e-02  -1.7800000000000000e+02
  -2.5304741580747631e-01   1.7734782208981312e+00   0.0000000000000000e+00   2.9999999999999999e-02  -1.7800000000000000e+02
  -2.6177223840239056e-01   1.7620272415601299e+00   0.0000000000000000e+00   2.9999999999999999e-02  -1.7900000000000000e+02
  -2.7079288575149235e-01   1.7383469158945231e+00   0.0000000000000000e+00   2.9999999999999999e-02  -1.7800000000000000e+02
  -2.7906249355086449e-01   1.8006601567203069e+00   0.0000000000000000e+00   2.9999999999999999e-02  -1.7800000000000000e+02
  -2.8824354661577845e-01   1.6990968189011479e+00   0.0000000000000000e+00   2.9999999999999999e-02  -1.7700000000000000e+02
  -2.9666621121227676e-01   1.7651062290978410e+00   0.0000000000000000e+00   2.9999999999999999e-02  -1.7800000000000000e+02
  -3.0576737314747443e-01   1.8005146486491024e+00   0.0000000000000000e+00   2.9999999999999999e-02  -1.7800000000000000e+02
  -3.1423189908433830e-01   1.8085577126539256e+00   0.0000000000000000e+00   2.9999999999999999e-02  -1.7800000000000000e+02
  -3.2314040756704193e-01   1.8202087792338548e+00   0.0000000000000000e+00   2.9999999999999999e-02  -1.8000000000000000e+02
  -3.3178246435520015e-01   1.7652722169682500e+00   0.0000000000000000e+00   2.9999999999999999e-02  -1.7700000000000000e+02
  -3.4045793638354205e-01   1.8088230980391644e+00   0.0000000000000000e+00   2.9999999999999999e-02  -1.7800000000000000e+02
  -3.4919601300297110e-01   1.8091879393805386e+00   0.0000000000000000e+00   2.9999999999999999e-02  -1.7800000000000000e+02
  -3.5766325101120622e-01   1.7966997523236876e+00   0.0000000000000000e+00   2.9999999999999999e-02  -1.7800000000000000e+02
  -3.6655750107653789e-01   1.8638197337725555e+00   0.0000000000000000e+00   2.9999999999999999e-02  -1.7800000000000000e+02
  -3.7519010609126058e-01   1.7464893357819280e+00   0.0000000000000000e+00   2.9999999999999999e-02  -1.7700000000000000e+02
  -3.8420207941205331e-01   1.8088706421411125e+00   0.0000000000000000e+00   2.9999999999999999e-02  -1.8200000000000000e+02
  -3.9299691316306568e-01   1.8435414288808376e+00   0.0000000000000000e+00   2.9999999999999999e-02  -1.7800000000000000e+02
  -4.0138405439872626e-01   1.7968082813700519e+00   0.0000000000000000e+00   2.9999999999999999e-02  -1.7800000000000000e+02
  -4.1004279182049186e-01   1.8863732398441195e+00   0.0000000000000000e+00   2.9999999999999999e-02  -1.7800000000000000e+02
  -4.1860497121391793e-01   1.8672217329497856e+00   0.0000000000000000e+00   2.9999999999999999e-02  -1.7800000000000000e+02
  -4.2774942417344025e-01   1.8441553622187041e+00   0.0000000000000000e+00   2.9999999999999999e-02  -1.8000000000000000e+02
  -4.3659453445059576e-01   1.8516946292518104e+00   0.0000000000000000e+00   2.9999999999999999e-02  -1.8200000000000000e+02
  -4.4520216886603586e-01   1.8669871451083964e+00   0.0000000000000000e+00   2.9999999999999999e-02  -1.8200000000000000e+02
  -4.5355440178059264e-01   1.8166741590059567e+00   0.0000000000000000e+00   2.9999999999999999e-02  -1.7900000000000000e+02
  -4.6247664934863847e-01   1.9096033619576605e+00   0.0000000000000000e+00   2.9999999999999999e-02  -1.8200000000000000e+02
  -4.7124660782609112e-01   1.8832708249213652e+00   0.0000000000000000e+00   2.9999999999999999e-02  -1.7900000000000000e+02
  -4.8006991230256191e-01   1.9335651010503889e+00   0.0000000000000000e+00   2.9999999999999999e-02  -1.7900000000000000e+02
  -4.8862386361675592e-01   1.8086486668228299e+00   0.0000000000000000e+00   2.9999999999999999e-02  -1.7000000000000000e+02
  -4.9748554084310903e-01   1.7581086428318358e+00   0.0000000000000000e+00   2.9999999999999999e-02  -1.6600000000000000e+02
  -5.0601951111466270e-01   1.7103382706353734e+00   0.0000000000000000e+00   2.9999999999999999e-02  -1.6300000000000000e+02
  -5.1475187023676228e-01   1.6371502679961911e+00   0.0000000000000000e+00   2.9999999999999999e-02  -1.6200000000000000e+02
  -5.2335914980719556e-01   1.6486843239383335e+00   0.0000000000000000e+00   2.9999999999999999e-02  -1.6200000000000000e+02
  -5.3231526763799497e-01   1.6294615675124098e+00   0.0000000000000000e+00   2.9999999999999999e-02  -1.5500000000000000e+02
  -5.4116189063159792e-01   1.6170606049248741e+00   0.0000000000000000e+00   2.9999999999999999e-02  -1.6700000000000000e+02
  -5.4964190019504677e-01   1.5620755423474244e+00   0.0000000000000000e+00   2.9999999999999999e-02  -1.7100000000000000e+02
  -5.5814813909315786e-01   1.6445868782159245e+00   0.0000000000000000e+00   2.9999999999999999e-02  -1.7100000000000000e+02
  -5.6726379491341583e-01   1.5781840830524174e+00   0.0000000000000000e+00   2.9999999999999999e-02  -1.7600000000000000e+02
  -5.7582293787855776e-01   1.5940492464161826e+00   0.0000000000000000e+00   2.9999999999999999e-02  -1.7400000000000000e+02
  -5.8487054488370593e-01   1.5939388319505865e+00   0.0000000000000000e+00   2.9999999999999999e-02  -1.7400000000000000e+02
  -5.9350555745745504e-01   1.6128152405033878e+00   0.0000000000000000e+00   2.9999999999999999e-02  -1.7400000000000000e+02
  -6.0198770571244964e-01   1.5469327716484644e+00   0.0000000000000000e+00   2.9999999999999999e-02  -1.7600000000000000e+02
  -6.1072596438920856e-01   1.5746456744296478e+00   0.0000000000000000e+00   2.9999999999999999e-02  -1.7600000000000000e+02
  -6.1966306177207886e-01   1.5858505604249096e+00   0.0000000000000000e+00   2.9999999999999999e-02  -1.7800000000000000e+02
  -6.2833160243400965e-01   1.5821820375671063e+00   0.0000000000000000e+00   2.9999999999999999e-02  -1.7600000000000000e+02
  -6.3666603339457684e-01   1.5508362260406481e+00   0.0000000000000000e+00   2.9999999999999999e-02  -1.7100000000000000e+02
  -6.4563437196458051e-01   1.5938036265487665e+00   0.0000000000000000e+00   2.9999999999999999e-02  -1.7400000000000000e+02
  -6.5479728840863038e-01   1.6289039259575748e+00   0.0000000000000000e+00   2.9999999999999999e-02  -1.7400000000000000e+02
  -6.6300290266824535e-01   1.4768808347324438e+00   0.0000000000000000e+00   2.9999999999999999e-02  -1.7600000000000000e+02
  -6.7188465136021691e-01   1.5856386725859080e+00   0.0000000000000000e+00   2.9999999999999999e-02  -1.7400000000000000e+02
  -6.8059053914689815e-01   1.6019016823762937e+00   0.0000000000000000e+00   2.9999999999999999e-02  -1.7400000000000000e+02
  -6.8946296744732649e-01   1.6018916942165597e+00   0.0000000000000000e+00   2.9999999999999999e-02  -1.7400000000000000e+02
  -6.9818823786653816e-01   1.5587302524811661e+00   0.0000000000000000e+00   2.9999999999999999e-02  -1.7400000000000000e+02
  -7.0682013321264214e-01   1.6214493516604211e+00   0.0000000000000000e+00   2.9999999999999999e-02  -1.7800000000000000e+02
  -7.1593303144484066e-01   1.5586869474015621e+00   0.0000000000000000e+00   2.9999999999999999e-02  -1.7700000000000000e+02
  -7.2414156440070832e-01   1.5939799245912729e+00   0.0000000000000000e+00   2.9999999999999999e-02  -1.7400000000000000e+02
  -7.3297950786805033e-01   1.8084346822597714e+00   0.0000000000000000e+00   2.9999999999999999e-02  -1.6000000000000000e+02
  -7.4181787260664611e-01   1.8989705105661856e+00   0.0000000000000000e+00   2.9999999999999999e-02  -1.5400000000000000e+02
  -7.5074122361949158e-01   1.8162337404640407e+00   0.0000000000000000e+00   2.9999999999999999e-02  -1.5400000000000000e+02
  -7.5914936727189775e-01   1.8320376633683053e+00   0.0000000000000000e+00   2.9999999999999999e-02  -1.5400000000000000e+02
  -7.6801518279889425e-01   1.8712872574781245e+00   0.0000000000000000e+00   2.9999999999999999e-02  -1.5800000000000000e+02
  -7.7674200022837381e-01   1.8788531076164523e+00   0.0000000000000000e+00   2.9999999999999999e-02  -1.5800000000000000e+02
  -7.8539816339744828e-01   1.9615142110114829e+00   0.0000000000000000e+00   2.9999999999999999e-02  -1.5500000000000000e+02
  -7.9405432656652286e-01   1.8788531076164523e+00   0.0000000000000000e+00   2.9999999999999999e-02  -1.5500000000000000e+02
  -8.0292767356905537e-01   1.9766671444631239e+00   0.0000000000000000e+00   2.9999999999999999e-02  -1.6600000000000000e+02
  -8.1151704095803068e-01   1.9494512048266301e+00   0.0000000000000000e+00   2.9999999999999999e-02  -1.7200000000000000e+02
  -8.2037044232059186e-01   1.8403100282289395e+00   0.0000000000000000e+00   2.9999999999999999e-02  -1.4700000000000000e+02
  -8.2897845418825045e-01   1.8989705105661856e+00   0.0000000000000000e+00   2.9999999999999999e-02  -1.8600000000000000e+02
  -8.3801712520582572e-01   2.0704458457057022e+00   0.0000000000000000e+00   2.9999999999999999e-02  -1.7900000000000000e+02
  -8.4635222397922727e-01   2.0778029261698521e+00   0.0000000000000000e+00   2.9999999999999999e-02  -1.7900000000000000e+02
  -8.5497665794294941e-01   2.1562360724187881e+00   0.0000000000000000e+00   2.9999999999999999e-02  -1.8200000000000000e+02
  -8.6400753728686119e-01   2.1250543522460785e+00   0.0000000000000000e+00   2.9999999999999999e-02  -1.8300000000000000e+02
  -8.7259927672521986e-01   2.1840661620015087e+00   0.0000000000000000e+00   2.9999999999999999e-02  -1.8200000000000000e+02
  -8.8137466327552172e-01   2.1915102098781105e+00   0.0000000000000000e+00   2.9999999999999999e-02  -1.8300000000000000e+02
  -8.9019034918272033e-01   2.1835029196225042e+00   0.0000000000000000e+00   2.9999999999999999e-02  -1.8300000000000000e+02
  -8.9889628601952065e-01   2.2539088269049397e+00   0.0000000000000000e+00   2.9999999999999999e-02  -1.8300000000000000e+02
  -9.0775808959014648e-01   2.2420278767223212e+00   0.0000000000000000e+00   2.9999999999999999e-02  -1.8300000000000000e+02
  -9.1624981816622098e-01   2.2815391734528689e+00   0.0000000000000000e+00   2.9999999999999999e-02  -1.8300000000000000e+02
  -9.2490634787641457e-01   2.3442066888395314e+00   0.0000000000000000e+00   2.9999999999999999e-02  -1.8600000000000000e+02
  -9.3370592028880273e-01   2.4022493625766663e+00   0.0000000000000000e+00   2.9999999999999999e-02  -1.9800000000000000e+02
  -9.4251083078325937e-01   2.8787332283488860e+00   0.0000000000000000e+00   2.9999999999999999e-02  -2.0200000000000000e+02
  -9.5128686015118658e-01   2.9846589419898550e+00   0.0000000000000000e+00   2.9999999999999999e-02  -2.0200000000000000e+02
  -9.6004224645551683e-01   2.9137621728617455e+00   0.0000000000000000e+00   2.9999999999999999e-02  -2.0600000000000000e+02
  -9.6864906120533034e-01   2.9413146720471781e+00   0.0000000000000000e+00   2.9999999999999999e-02  -2.0300000000000000e+02
  -9.7725361372355513e-01   3.0037476591751182e+00   0.0000000000000000e+00   2.9999999999999999e-02  -2.0300000000000000e+02
  -9.8611955368140303e-01   3.0855369062774147e+00   0.0000000000000000e+00   2.9999999999999999e-02  -2.0300000000000000e+02
  -9.9504757014093481e-01   3.0782624969290713e+00   0.0000000000000000e+00   2.9999999999999999e-02  -1.9400000000000000e+02
  -1.0035018737758121e+00   3.1208577346620592e+00   0.0000000000000000e+00   2.9999999999999999e-02  -2.0300000000000000e+02
  -1.0123282450463813e+00   3.2308735660808519e+00   0.0000000000000000e+00   2.9999999999999999e-02  -2.0600000000000000e+02
  -1.0209601119642420e+00   3.2418099882627294e+00   0.0000000000000000e+00   2.9999999999999999e-02  -1.9500000000000000e+02
  -1.0297459117815266e+00   3.2619037386164540e+00   0.0000000000000000e+00   2.9999999999999999e-02  -1.9500000000000000e+02
  -1.0384563295595972e+00   3.3750308146741412e+00   0.0000000000000000e+00   2.9999999999999999e-02  -1.9800000000000000e+02
  -1.0471760508497863e+00   3.4098730181635797e+00   0.0000000000000000e+00   2.9999999999999999e-02  -1.9800000000000000e+02
  -1.0559014859446694e+00   3.4135907780517569e+00   0.0000000000000000e+00   2.9999999999999999e-02  -1.9900000000000000e+02
  -1.0646628538922687e+00   3.4220359437036891e+00   0.0000000000000000e+00   2.9999999999999999e-02  -1.9900000000000000e+02
  -1.0733256058975005e+00   3.5309820163801460e+00   0.0000000000000000e+00   2.9999999999999999e-02  -1.9900000000000000e+02
  -1.0822406326888001e+00   3.6092388394230714e+00   0.0000000000000000e+00   2.9999999999999999e-02  -1.9800000000000000e+02
  -1.0909313064817174e+00   3.6953646640081406e+00   0.0000000000000000e+00   2.9999999999999999e-02  -1.9800000000000000e+02
  -1.0995722083366017e+00   3.7777216678839642e+00   0.0000000000000000e+00   2.9999999999999999e-02  -1.9500000000000000e+02
  -1.1082034461033188e+00   3.8160757330011155e+00   0.0000000000000000e+00   2.9999999999999999e-02  -2.0200000000000000e+02
  -1.1171344518265629e+00   3.8515955135501962e+00   0.0000000000000000e+00   2.9999999999999999e-02  -2.0200000000000000e+02
  -1.1256296519147071e+00   3.9688039760109088e+00   0.0000000000000000e+00   2.9999999999999999e-02  -1.9800000000000000e+02
  -1.1345161848765675e+00   4.0040610634704361e+00   0.0000000000000000e+00   2.9999999999999999e-02  -2.0200000000000000e+02
  -1.1431427390238098e+00   4.1134517135855626e+00   0.0000000000000000e+00   2.9999999999999999e-02  -2.0200000000000000e+02
  -1.1518917582651493e+00   4.1793688518722538e+00   0.0000000000000000e+00   2.9999999999999999e-02  -1.9800000000000000e+02
  -1.1606220836981889e+00   4.2505798427979213e+00   0.0000000000000000e+00   2.9999999999999999e-02  -1.9900000000000000e+02
  -1.1693292884477173e+00   4.3324811597974664e+00   0.0000000000000000e+00   2.9999999999999999e-02  -2.0600000000000000e+02
  -1.1781695906794070e+00   4.3359332328807838e+00   0.0000000000000000e+00   2.9999999999999999e-02  -2.1700000000000000e+02
  -1.1868396311200469e+00   4.3594097077471394e+00   0.0000000000000000e+00   2.9999999999999999e-02  -2.1500000000000000e+02
  -1.1954465534542158e+00   4.2853482938963081e+00   0.0000000000000000e+00   2.9999999999999999e-02  -2.1800000000000000e+02
  -1.2042423310692769e+00   4.2857084595198502e+00   0.0000000000000000e+00   2.9999999999999999e-02  -2.1800000000000000e+02
  -1.2130889928195805e+00   4.2927205825676564e+00   0.0000000000000000e+00   2.9999999999999999e-02  -2.1800000000000000e+02
  -1.2216645077837467e+00   4.2621343244904892e+00   0.0000000000000000e+00   2.9999999999999999e-02  -2.1800000000000000e+02
  -1.2303681797809898e+00   4.2498937633780924e+00   0.0000000000000000e+00   2.9999999999999999e-02  -2.1800000000000000e+02
  -1.2392277994764680e+00   4.3160845682168931e+00   0.0000000000000000e+00   2.9999999999999999e-02  -2.1100000000000000e+02
  -1.2478048065413776e+00   4.3320075023019058e+00   0.0000000000000000e+00   2.9999999999999999e-02  -1.9800000000000000e+02
  -1.2566224479542836e+00   4.5076399590029368e+00   0.0000000000000000e+00   2.9999999999999999e-02  -1.9800000000000000e+02
  -1.2654175368833904e+00   4.6165953905448545e+00   0.0000000000000000e+00   2.9999999999999999e-02  -1.9400000000000000e+02
  -1.2740670325089356e+00   4.7777997027920707e+00   0.0000000000000000e+00   2.9999999999999999e-02  -1.9500000000000000e+02
  -1.2828928862287101e+00   4.9059214221183769e+00   0.0000000000000000e+00   2.9999999999999999e-02  -2.0200000000000000e+02
  -1.2915925927428562e+00   5.9254624292117484e+00   0.0000000000000000e+00   2.9999999999999999e-02  -1.6300000000000000e+02
  -1.3001927465423608e+00   5.9256354933458404e+00   0.0000000000000000e+00   2.9999999999999999e-02  -1.8200000000000000e+02
  -1.3090769012933039e+00   5.8243390182921191e+00   0.0000000000000000e+00   2.9999999999999999e-02  -2.0600000000000000e+02
  -1.3176532467781983e+00   5.9413506881853051e+00   0.0000000000000000e+00   2.9999999999999999e-02  -2.0300000000000000e+02
  -1.3264340343986551e+00   5.9023480920731881e+00   0.0000000000000000e+00   2.9999999999999999e-02  -2.0600000000000000e+02
  -1.3351468153195061e+00   5.9535385276321175e+00   0.0000000000000000e+00   2.9999999999999999e-02  -1.9500000000000000e+02
  -1.3439246526014104e+00   6.1752416956747531e+00   0.0000000000000000e+00   2.9999999999999999e-02  -1.9900000000000000e+02
  -1.3526017079338823e+00   6.4028116480183934e+00   0.0000000000000000e+00   2.9999999999999999e-02  -2.0200000000000000e+02
  -1.3613061557748276e+00   6.5348714600977429e+00   0.0000000000000000e+00   2.9999999999999999e-02  -2.0300000000000000e+02
  -1.3701102127837603e+00   6.4963821470107490e+00   0.0000000000000000e+00   2.9999999999999999e-02  -2.0600000000000000e+02
  -1.3787272706532419e+00   6.4801612634254706e+00   0.0000000000000000e+00   2.9999999999999999e-02  -2.0800000000000000e+02
  -1.3874613973007570e+00   6.4999312304054415e+00   0.0000000000000000e+00   2.9999999999999999e-02  -2.1000000000000000e+02
  -1.3962501018353364e+00   6.4378198172983998e+00   0.0000000000000000e+00   2.9999999999999999e-02  -2.0800000000000000e+02
  -1.4049360504356259e+00   6.4687729902973103e+00   0.0000000000000000e+00   2.9999999999999999e-02  -2.0600000000000000e+02
  -1.4136617708104635e+00   6.4413591733422226e+00   0.0000000000000000e+00   2.9999999999999999e-02  -2.0800000000000000e+02
  -1.4224720072780728e+00   6.4690292934875471e+00   0.0000000000000000e+00   2.9999999999999999e-02  -2.1000000000000000e+02
  -1.4311810708546560e+00   6.4457193547345826e+00   0.0000000000000000e+00   2.9999999999999999e-02  -2.0800000000000000e+02
  -1.4398806726544822e+00   6.5036532041614894e+00   0.0000000000000000e+00   2.9999999999999999e-02  -2.1000000000000000e+02
  -1.4486747719215394e+00   6.3865644128905492e+00   0.0000000000000000e+00   2.9999999999999999e-02  -2.0800000000000000e+02
  -1.4573102588528521e+00   6.4021829089772178e+00   0.0000000000000000e+00   2.9999999999999999e-02  -2.0800000000000000e+02
  -1.4660827000298953e+00   6.4101111534824415e+00   0.0000000000000000e+00   2.9999999999999999e-02  -2.1000000000000000e+02
  -1.4747488197342309e+00   6.4025092737144869e+00   0.0000000000000000e+00   2.9999999999999999e-02  -2.1000000000000000e+02
  -1.4834679176502281e+00   6.3863364302235128e+00   0.0000000000000000e+00   2.9999999999999999e-02  -2.0800000000000000e+02
  -1.4922438106263922e+00   6.4609233086301217e+00   0.0000000000000000e+00   2.9999999999999999e-02  -2.1000000000000000e+02
  -1.5010114721669692e+00   6.4106032477450983e+00   0.0000000000000000e+00   2.9999999999999999e-02  -2.1000000000000000e+02
  -1.5097794216881486e+00   6.3628409535363994e+00   0.0000000000000000e+00   2.9999999999999999e-02  -2.0800000000000000e+02
  -1.5185084584449742e+00   6.4097602139237626e+00   0.0000000000000000e+00   2.9999999999999999e-02  -2.1000000000000000e+02
  -1.5271757039872285e+00   6.3980860419347287e+00   0.0000000000000000e+00   2.9999999999999999e-02  -2.1000000000000000e+02
  -1.5358433496624413e+00   6.4099151320434808e+00   0.0000000000000000e+00   2.9999999999999999e-02  -2.1000000000000000e+02
  -1.5446893133599584e+00   6.3591670051980866e+00   0.0000000000000000e+00   2.9999999999999999e-02  -2.0800000000000000e+02
  -1.5533507532497586e+00   6.3629682538890613e+00   0.0000000000000000e+00   2.9999999999999999e-02  -2.0800000000000000e+02
  -1.5620383398984674e+00   6.3942452252005477e+00   0.0000000000000000e+00   2.9999999999999999e-02  -2.1000000000000000e+02
  -1.5707963267948966e+00   6.4020000000000001e+00   0.0000000000000000e+00   2.9999999999999999e-02  -2.1000000000000000e+02
  -1.5795324539952513e+00   6.4102446131173503e+00   0.0000000000000000e+00   2.9999999999999999e-02  -2.1000000000000000e+02
  -1.5882941466501503e+00   6.3439711537805721e+00   0.0000000000000000e+00   2.9999999999999999e-02  -2.0800000000000000e+02
  -1.5970146462432826e+00   6.3321762451782719e+00   0.0000000000000000e+00   2.9999999999999999e-02  -2.0700000000000000e+02
  -1.6057711249140136e+00   6.4059175767410563e+00   0.0000000000000000e+00   2.9999999999999999e-02  -2.1000000000000000e+02
  -1.6144181798898258e+00   6.3520425848698459e+00   0.0000000000000000e+00   2.9999999999999999e-02  -2.0800000000000000e+02
  -1.6230841951448192e+00   6.4097602139237626e+00   0.0000000000000000e+00   2.9999999999999999e-02  -2.1000000000000000e+02
  -1.6318713526053026e+00   6.4059438804909936e+00   0.0000000000000000e+00   2.9999999999999999e-02  -2.1000000000000000e+02
  -1.6406886187168637e+00   6.3434874477687746e+00   0.0000000000000000e+00   2.9999999999999999e-02  -2.0800000000000000e+02
  -1.6492724072842468e+00   6.3906683531536830e+00   0.0000000000000000e+00   2.9999999999999999e-02  -2.1000000000000000e+02
  -1.6580623699073864e+00   6.4023626888829099e+00   0.0000000000000000e+00   2.9999999999999999e-02  -2.0800000000000000e+02
  -1.6668302837973692e+00   6.3512648346608875e+00   0.0000000000000000e+00   2.9999999999999999e-02  -2.0800000000000000e+02
  -1.6755099535598981e+00   6.4101111534824415e+00   0.0000000000000000e+00   2.9999999999999999e-02  -2.1000000000000000e+02
  -1.6842823947369412e+00   6.4021829089772178e+00   0.0000000000000000e+00   2.9999999999999999e-02  -2.0800000000000000e+02
  -1.6930213991099010e+00   6.4057883980037928e+00   0.0000000000000000e+00   2.9999999999999999e-02  -2.0900000000000000e+02
  -1.7016438660466582e+00   6.4763620961153805e+00   0.0000000000000000e+00   2.9999999999999999e-02  -2.1000000000000000e+02
  -1.7105004024583867e+00   6.4488293511303274e+00   0.0000000000000000e+00   2.9999999999999999e-02  -2.0800000000000000e+02
  -1.7192220039227979e+00   6.3902601668476695e+00   0.0000000000000000e+00   2.9999999999999999e-02  -2.0800000000000000e+02
  -1.7278723995842522e+00   6.5779822134146881e+00   0.0000000000000000e+00   2.9999999999999999e-02  -2.0800000000000000e+02
  -1.7365672042287843e+00   6.6055525885424595e+00   0.0000000000000000e+00   2.9999999999999999e-02  -2.0600000000000000e+02
  -1.7453989448545124e+00   6.6602650097424805e+00   0.0000000000000000e+00   2.9999999999999999e-02  -2.0300000000000000e+02
  -1.7540103068098316e+00   6.7072579345064698e+00   0.0000000000000000e+00   2.9999999999999999e-02  -2.0200000000000000e+02
  -1.7627105723644005e+00   6.7264922507946139e+00   0.0000000000000000e+00   2.9999999999999999e-02  -2.0300000000000000e+02
  -1.7714962580435041e+00   6.7066200876447439e+00   0.0000000000000000e+00   2.9999999999999999e-02  -2.0100000000000000e+02
  -1.7802179532481979e+00   4.3868468174760791e+00   0.0000000000000000e+00   2.9999999999999999e-02  -1.9500000000000000e+02
  -1.7890289725220030e+00   4.2262395814719262e+00   0.0000000000000000e+00   2.9999999999999999e-02  -2.0400000000000000e+02
  -1.7977793165621654e+00   4.0704068592709506e+00   0.0000000000000000e+00   2.9999999999999999e-02  -2.0300000000000000e+02
  -1.8064608032432190e+00   3.9059631334665719e+00   0.0000000000000000e+00   2.9999999999999999e-02  -2.0600000000000000e+02
  -1.8151977338765857e+00   3.7813735599646856e+00   0.0000000000000000e+00   2.9999999999999999e-02  -1.9800000000000000e+02
  -1.8240277143729313e+00   3.6442218648155880e+00   0.0000000000000000e+00   2.9999999999999999e-02  -1.9800000000000000e+02
  -1.8326730266784443e+00   3.4879177169193660e+00   0.0000000000000000e+00   2.9999999999999999e-02  -2.0400000000000000e+02
  -1.8412100947128198e+00   3.4140656115546459e+00   0.0000000000000000e+00   2.9999999999999999e-02  -1.8600000000000000e+02
  -1.8499047715933483e+00   3.2268754236877508e+00   0.0000000000000000e+00   2.9999999999999999e-02  -2.1800000000000000e+02
  -1.8587006349068051e+00   3.2893877849837043e+00   0.0000000000000000e+00   2.9999999999999999e-02  -2.1000000000000000e+02
  -1.8676040302278805e+00   3.3473634400823586e+00   0.0000000000000000e+00   2.9999999999999999e-02  -2.0900000000000000e+02
  -1.8762233501719401e+00   3.3322196806333162e+00   0.0000000000000000e+00   2.9999999999999999e-02  -2.1100000000000000e+02
  -1.8850138874199034e+00   3.3163746772643168e+00   0.0000000000000000e+00   2.9999999999999999e-02  -2.1400000000000000e+02
  -1.8936925747899296e+00   3.3121717950613614e+00   0.0000000000000000e+00   2.9999999999999999e-02  -2.1400000000000000e+02
  -1.9024708945826649e+00   3.2184084576075800e+00   0.0000000000000000e+00   2.9999999999999999e-02  -1.8200000000000000e+02
  -1.9110355288674226e+00   3.1643996271014823e+00   0.0000000000000000e+00   2.9999999999999999e-02  -1.7900000000000000e+02
  -1.9200003948242041e+00   3.1565100981938898e+00   0.0000000000000000e+00   2.9999999999999999e-02  -1.8200000000000000e+02
  -1.9285511740118688e+00   2.9956697080953369e+00   0.0000000000000000e+00   2.9999999999999999e-02  -1.8200000000000000e+02
  -1.9374288487226774e+00   2.9179259757574387e+00   0.0000000000000000e+00   2.9999999999999999e-02  -1.8200000000000000e+02
  -1.9459481775701972e+00   2.8437791756745110e+00   0.0000000000000000e+00   2.9999999999999999e-02  -1.8200000000000000e+02
  -1.9547975792265129e+00   2.8160870014969355e+00   0.0000000000000000e+00   2.9999999999999999e-02  -1.7900000000000000e+02
  -1.9636510221704131e+00   2.1053885627123559e+00   0.0000000000000000e+00   2.9999999999999999e-02  -2.0300000000000000e+02
  -1.9721873954092799e+00   2.0629680075076298e+00   0.0000000000000000e+00   2.9999999999999999e-02  -1.8600000000000000e+02
  -1.9807199391126606e+00   1.9571471584937092e+00   0.0000000000000000e+00   2.9999999999999999e-02  -1.7900000000000000e+02
  -1.9897526441133067e+00   1.9419515956892439e+00   0.0000000000000000e+00   2.9999999999999999e-02  -1.7900000000000000e+02
  -1.9982762619623329e+00   1.9417296413249709e+00   0.0000000000000000e+00   2.9999999999999999e-02  -1.7900000000000000e+02
  -2.0072317197992318e+00   1.8901772403666277e+00   0.0000000000000000e+00   2.9999999999999999e-02  -1.7900000000000000e+02
  -2.0158425541006455e+00   1.8513373544548817e+00   0.0000000000000000e+00   2.9999999999999999e-02  -1.8200000000000000e+02
  -2.0245555065634662e+00   1.8090674393178381e+00   0.0000000000000000e+00   2.9999999999999999e-02  -1.7700000000000000e+02
  -2.0331401555696460e+00   1.7150655964131516e+00   0.0000000000000000e+00   2.9999999999999999e-02  -1.7900000000000000e+02
  -2.0422268567265602e+00   1.7813057008834838e+00   0.0000000000000000e+00   2.9999999999999999e-02  -1.7800000000000000e+02
  -2.0506100333146522e+00   1.6875574064309637e+00   0.0000000000000000e+00   2.9999999999999999e-02  -1.7600000000000000e+02
  -2.0593592455301479e+00   1.6874134051855816e+00   0.0000000000000000e+00   2.9999999999999999e-02  -1.7600000000000000e+02
  -2.0683201588122815e+00   1.6636946835282007e+00   0.0000000000000000e+00   2.9999999999999999e-02  -1.7400000000000000e+02
  -2.0770537884923508e+00   1.6168030183049511e+00   0.0000000000000000e+00   2.9999999999999999e-02  -1.7600000000000000e+02
  -2.0859328394334566e+00   1.5467255735908683e+00   0.0000000000000000e+00   2.9999999999999999e-02  -1.7400000000000000e+02
  -2.0944885647541414e+00   1.6097394199062156e+00   0.0000000000000000e+00   2.9999999999999999e-02  -1.7600000000000000e+02
  -2.1030058309087751e+00   1.5666923756755824e+00   0.0000000000000000e+00   2.9999999999999999e-02  -1.7600000000000000e+02
  -2.1121072910593277e+00   1.5390289146081693e+00   0.0000000000000000e+00   2.9999999999999999e-02  -1.7600000000000000e+02
  -2.1207221047526610e+00   1.5154299719881483e+00   0.0000000000000000e+00   2.9999999999999999e-02  -1.7400000000000000e+02
  -2.1291779669133382e+00   1.4608891128350572e+00   0.0000000000000000e+00   2.9999999999999999e-02  -1.7800000000000000e+02
  -2.1382889862030177e+00   1.4064608064215653e+00   0.0000000000000000e+00   2.9999999999999999e-02  -1.7600000000000000e+02
  -2.1469363985117806e+00   1.4262345529400136e+00   0.0000000000000000e+00   2.9999999999999999e-02  -1.7800000000000000e+02
  -2.1553723303899757e+00   1.4569286187044306e+00   0.0000000000000000e+00   2.9999999999999999e-02  -1.7400000000000000e+02
  -2.1639737961754797e+00   1.3398962646414088e+00   0.0000000000000000e+00   2.9999999999999999e-02  -1.7600000000000000e+02
  -2.1731201014752530e+00   1.4137984297628854e+00   0.0000000000000000e+00   2.9999999999999999e-02  -1.7400000000000000e+02
  -2.1818748176089846e+00   1.3943328153636778e+00   0.0000000000000000e+00   2.9999999999999999e-02  -1.7600000000000000e+02
  -2.1902845848100623e+00   1.3743962310774867e+00   0.0000000000000000e+00   2.9999999999999999e-02  -1.7700000000000000e+02
  -2.1990483955769822e+00   1.3509570681557574e+00   0.0000000000000000e+00   2.9999999999999999e-02  -1.7600000000000000e+02
  -2.2075717650659317e+00   1.3084295930618508e+00   0.0000000000000000e+00   2.9999999999999999e-02  -1.7600000000000000e+02
  -2.2166991121473303e+00   1.3324038426843419e+00   0.0000000000000000e+00   2.9999999999999999e-02  -1.7900000000000000e+02
  -2.2256605828524716e+00   1.3200852245215078e+00   0.0000000000000000e+00   2.9999999999999999e-02  -1.7400000000000000e+02
  -2.2335559374889451e+00   1.2774368868950041e+00   0.0000000000000000e+00   2.9999999999999999e-02  -1.7600000000000000e+02
  -2.2427879632736811e+00   1.2497071656992289e+00   0.0000000000000000e+00   2.9999999999999999e-02  -1.7900000000000000e+02
  -2.2516495066661415e+00   1.2264554618900760e+00   0.0000000000000000e+00   2.9999999999999999e-02  -1.7600000000000000e+02
  -2.2602115403120333e+00   1.2026674519583542e+00   0.0000000000000000e+00   2.9999999999999999e-02  -1.7800000000000000e+02
  -2.2688433752053747e+00   1.1995840945927885e+00   0.0000000000000000e+00   2.9999999999999999e-02  -1.7900000000000000e+02
  -2.2775143698223115e+00   1.2504979008379022e+00   0.0000000000000000e+00   2.9999999999999999e-02  -1.7400000000000000e+02
  -2.2869085315076392e+00   1.2460834642992418e+00   0.0000000000000000e+00   2.9999999999999999e-02  -1.7900000000000000e+02
  -2.2948578527773349e+00   1.2227657175436348e+00   0.0000000000000000e+00   2.9999999999999999e-02  -1.8200000000000000e+02
  -2.3037949484912534e+00   1.2150629613316339e+00   0.0000000000000000e+00   2.9999999999999999e-02  -1.7600000000000000e+02
  -2.3124312087017445e+00   1.1798766884721470e+00   0.0000000000000000e+00   2.9999999999999999e-02  -1.7600000000000000e+02
  -2.3209431100375237e+00   1.1837250525354273e+00   0.0000000000000000e+00   2.9999999999999999e-02  -1.7800000000000000e+02
  -2.3301457928688922e+00   1.1402429565667134e+00   0.0000000000000000e+00   2.9999999999999999e-02  -1.7900000000000000e+02
  -2.3387181173324132e+00   1.1329580751289960e+00   0.0000000000000000e+00   2.9999999999999999e-02  -1.7100000000000000e+02
  -2.3477586098413594e+00   1.0896903229817176e+00   0.0000000000000000e+00   2.9999999999999999e-02  -1.7800000000000000e+02
  -2.3561944901923448e+00   1.0818733752154177e+00   0.0000000000000000e+00   2.9999999999999999e-02  -1.8200000000000000e+02
  -2.3647864796846543e+00   1.0698920506294081e+00   0.0000000000000000e+00   2.9999999999999999e-02  -1.8300000000000000e+02
  -2.3734649587300809e+00   1.1874093649622273e+00   0.0000000000000000e+00   2.9999999999999999e-02  -1.7800000000000000e+02
  -2.3821544581132263e+00   1.1168979362502198e+00   0.0000000000000000e+00   2.9999999999999999e-02  -1.7800000000000000e+02
  -2.3909398597178386e+00   1.0584705947734212e+00   0.0000000000000000e+00   2.9999999999999999e-02  -1.7900000000000000e+02
  -2.3998652503634914e+00   1.1175871330683795e+00   0.0000000000000000e+00   2.9999999999999999e-02  -1.8200000000000000e+02
  -2.4087126336003140e+00   1.1449703052918010e+00   0.0000000000000000e+00   2.9999999999999999e-02  -1.7800000000000000e+02
  -2.4174510891890848e+00   1.0626532830608486e+00   0.0000000000000000e+00   2.9999999999999999e-02  -1.8200000000000000e+02
  -2.4264023952448399e+00   1.0079890872425159e+00   0.0000000000000000e+00   2.9999999999999999e-02  -1.8200000000000000e+02
  -2.4345813997410319e+00   1.0745664241916364e+00   0.0000000000000000e+00   2.9999999999999999e-02  -1.7900000000000000e+02
  -2.4433637936641452e+00   1.1371024580045546e+00   0.0000000000000000e+00   2.9999999999999999e-02  -1.7900000000000000e+02
  -2.4526247246426043e+00   1.0428777493071757e+00   0.0000000000000000e+00   2.9999999999999999e-02  -1.8500000000000000e+02
  -2.4609411272750004e+00   1.1361839639776650e+00   0.0000000000000000e+00   2.9999999999999999e-02  -1.7900000000000000e+02
  -2.4696599414808267e+00   1.1678719964105655e+00   0.0000000000000000e+00   2.9999999999999999e-02  -1.7800000000000000e+02
  -2.4786271495445487e+00   1.1406160616088132e+00   0.0000000000000000e+00   2.9999999999999999e-02  -1.7800000000000000e+02
  -2.4872714080112024e+00   1.1090649214541048e+00   0.0000000000000000e+00   2.9999999999999999e-02  -1.7800000000000000e+02
  -2.4959425509699873e+00   1.1168025787935842e+00   0.0000000000000000e+00   2.9999999999999999e-02  -1.7800000000000000e+02
  -2.5043737976992322e+00   1.0824213597301191e+00   0.0000000000000000e+00   2.9999999999999999e-02  -1.7800000000000000e+02
  -2.5129293989681742e+00   1.1053216726365227e+00   0.0000000000000000e+00   2.9999999999999999e-02  -1.7900000000000000e+02
  -2.5220711965995117e+00   1.1177213427326151e+00   0.0000000000000000e+00   2.9999999999999999e-02  -1.7800000000000000e+02
  -2.5308666892005847e+00   1.1718293391104355e+00   0.0000000000000000e+00   2.9999999999999999e-02  -1.7900000000000000e+02
  -2.5394956476856971e+00   1.0823275844216482e+00   0.0000000000000000e+00   2.9999999999999999e-02  -1.8200000000000000e+02
  -2.5480134285105813e+00   1.0941631505401743e+00   0.0000000000000000e+00   2.9999999999999999e-02  -1.7900000000000000e+02
  -2.5568158453048468e+00   1.1177267107839912e+00   0.0000000000000000e+00   2.9999999999999999e-02  -1.7900000000000000e+02
  -2.5653357902000926e+00   1.0626015245613005e+00   0.0000000000000000e+00   2.9999999999999999e-02  -1.7900000000000000e+02
  -2.5739803441146094e+00   1.1290496003276382e+00   0.0000000000000000e+00   2.9999999999999999e-02  -1.7900000000000000e+02
  -2.5826043088941391e+00   1.0898899026965980e+00   0.0000000000000000e+00   2.9999999999999999e-02  -1.8200000000000000e+02
  -2.5913649671482286e+00   1.1015883986317212e+00   0.0000000000000000e+00   2.9999999999999999e-02  -1.7900000000000000e+02
  -2.6006505963209623e+00   9.8457351172982510e-01   0.0000000000000000e+00   2.9999999999999999e-02  -1.8200000000000000e+02
  -2.6097199537518208e+00   1.0233694347595106e+00   0.0000000000000000e+00   2.9999999999999999e-02  -1.7900000000000000e+02
  -2.6177874264153584e+00   1.0116382752743196e+00   0.0000000000000000e+00   2.9999999999999999e-02  -1.8200000000000000e+02
  -2.6263370819626459e+00   9.8831624493377623e-01   0.0000000000000000e+00   2.9999999999999999e-02  -1.8200000000000000e+02
  -2.6352147399572590e+00   1.0783218443488938e+00   0.0000000000000000e+00   2.9999999999999999e-02  -1.8200000000000000e+02
  -2.6439024737406234e+00   1.0117361316074465e+00   0.0000000000000000e+00   2.9999999999999999e-02  -1.7900000000000000e+02
  -2.6530633028038513e+00   9.8864806680638384e-01   0.0000000000000000e+00   2.9999999999999999e-02  -1.8200000000000000e+02
  -2.6613002156910710e+00   1.1016396870120466e+00   0.0000000000000000e+00   2.9999999999999999e-02  -1.7900000000000000e+02
  -2.6705409987036255e+00   1.0268305605113242e+00   0.0000000000000000e+00   2.9999999999999999e-02  -1.8200000000000000e+02
  -2.6788363099501415e+00   1.0035477068879188e+00   0.0000000000000000e+00   2.9999999999999999e-02  -1.7900000000000000e+02
  -2.6876804810955890e+00   9.6468544095990172e-01   0.0000000000000000e+00   2.9999999999999999e-02  -1.8300000000000000e+02
  -2.6963533825837338e+00   9.9611344735426599e-01   0.0000000000000000e+00   2.9999999999999999e-02  -1.7900000000000000e+02
  -2.7052838231727701e+00   9.4889462007116465e-01   0.0000000000000000e+00   2.9999999999999999e-02  -1.8200000000000000e+02
  -2.7137387691228940e+00   1.0122455235761727e+00   0.0000000000000000e+00   2.9999999999999999e-02  -1.8200000000000000e+02
  -2.7227756144089250e+00   1.0278351035063942e+00   0.0000000000000000e+00   2.9999999999999999e-02  -1.8200000000000000e+02
  -2.7311593623159180e+00   1.0425890849227226e+00   0.0000000000000000e+00   2.9999999999999999e-02  -1.7900000000000000e+02
  -2.7397220061493366e+00   1.0431030629808351e+00   0.0000000000000000e+00   2.9999999999999999e-02  -1.7900000000000000e+02
  -2.7487221461251456e+00   9.6123254210414666e-01   0.0000000000000000e+00   2.9999999999999999e-02  -1.8200000000000000e+02
  -2.7577179515897434e+00   9.3720968838355490e-01   0.0000000000000000e+00   2.9999999999999999e-02  -1.8200000000000000e+02
  -2.7667973418725089e+00   1.0079707337021249e+00   0.0000000000000000e+00   2.9999999999999999e-02  -1.8200000000000000e+02
  -2.7746402383228306e+00   9.7276153295656176e-01   0.0000000000000000e+00   2.9999999999999999e-02  -1.8300000000000000e+02
  -2.7833982856989419e+00   1.0154491617013626e+00   0.0000000000000000e+00   2.9999999999999999e-02  -1.7900000000000000e+02
  -2.7926402111981159e+00   9.4175846160254917e-01   0.0000000000000000e+00   2.9999999999999999e-02  -1.8300000000000000e+02
  -2.8015745692188889e+00   9.1752983602714522e-01   0.0000000000000000e+00   2.9999999999999999e-02  -1.8300000000000000e+02
  -2.8100550340373882e+00   9.3702774772148556e-01   0.0000000000000000e+00   2.9999999999999999e-02  -1.8300000000000000e+02
  -2.8191533940678788e+00   9.1832565030058921e-01   0.0000000000000000e+00   2.9999999999999999e-02  -1.8200000000000000e+02
  -2.8268842363014630e+00   8.9810912477270821e-01   0.0000000000000000e+00   2.9999999999999999e-02  -1.8300000000000000e+02
  -2.8363840608087978e+00   8.9852601520490216e-01   0.0000000000000000e+00   2.9999999999999999e-02  -1.8300000000000000e+02
  -2.8453362298575406e+00   9.1799128536168573e-01   0.0000000000000000e+00   2.9999999999999999e-02  -1.8300000000000000e+02
  -2.8538554413857491e+00   1.0042878073540473e+00   0.0000000000000000e+00   2.9999999999999999e-02  -1.8300000000000000e+02
  -2.8628263590609220e+00   8.8309116177210145e-01   0.0000000000000000e+00   2.9999999999999999e-02  -1.8200000000000000e+02
  -2.8711775923763785e+00   9.0592107824026258e-01   0.0000000000000000e+00   2.9999999999999999e-02  -1.8300000000000000e+02
  -2.8795195806340796e+00   1.0073976374798583e+00   0.0000000000000000e+00   2.9999999999999999e-02  -1.8300000000000000e+02
  -2.8885170014251909e+00   8.9862394804500956e-01   0.0000000000000000e+00   2.9999999999999999e-02  -1.8300000000000000e+02
  -2.8976197733774880e+00   9.6456466864591306e-01   0.0000000000000000e+00   2.9999999999999999e-02  -1.8200000000000000e+02
  -2.9054871106405509e+00   9.0202549853094505e-01   0.0000000000000000e+00   2.9999999999999999e-02  -1.8300000000000000e+02
  -2.9144644790205616e+00   9.1038123882250566e-01   0.0000000000000000e+00   2.9999999999999999e-02  -1.8300000000000000e+02
  -2.9237917630533743e+00   8.7466393546321552e-01   0.0000000000000000e+00   2.9999999999999999e-02  -1.8300000000000000e+02
  -2.9318144983183392e+00   9.0279178108797598e-01   0.0000000000000000e+00   2.9999999999999999e-02  -1.8300000000000000e+02
  -2.9412816501051373e+00   8.7448556305979119e-01   0.0000000000000000e+00   2.9999999999999999e-02  -1.8300000000000000e+02
  -2.9495757957919224e+00   8.7508285322019652e-01   0.0000000000000000e+00   2.9999999999999999e-02  -1.8300000000000000e+02
  -2.9587733208079152e+00   8.7457475380895822e-01   0.0000000000000000e+00   2.9999999999999999e-02  -1.8300000000000000e+02
  -2.9667968451878690e+00   9.3728224137663041e-01   0.0000000000000000e+00   2.9999999999999999e-02  -1.8300000000000000e+02
  -2.9762769755087164e+00   9.8442114971184969e-01   0.0000000000000000e+00   2.9999999999999999e-02  -1.8600000000000000e+02
  -2.9845358693265225e+00   9.1425270029680528e-01   0.0000000000000000e+00   2.9999999999999999e-02  -1.8300000000000000e+02
  -2.9935316182572920e+00   8.9478991947830977e-01   0.0000000000000000e+00   2.9999999999999999e-02  -1.8600000000000000e+02
  -3.0022070429593817e+00   9.5728417933234433e-01   0.0000000000000000e+00   2.9999999999999999e-02  -1.8300000000000000e+02
  -3.0104059976066373e+00   8.7148838202238810e-01   0.0000000000000000e+00   2.9999999999999999e-02  -1.8300000000000000e+02
  -3.0190672440376587e+00   9.4911537760169074e-01   0.0000000000000000e+00   2.9999999999999999e-02  -1.8300000000000000e+02
  -3.0281576617825769e+00   8.7462106080290558e-01   0.0000000000000000e+00   2.9999999999999999e-02  -1.8300000000000000e+02
  -3.0364137825015844e+00   8.6679005531904896e-01   0.0000000000000000e+00   2.9999999999999999e-02  -1.8600000000000000e+02
  -3.0456717081484137e+00   9.2927175788355909e-01   0.0000000000000000e+00   2.9999999999999999e-02  -1.8600000000000000e+02
  -3.0547184761100250e+00   9.5660754753451527e-01   0.0000000000000000e+00   2.9999999999999999e-02  -1.8600000000000000e+02
  -3.0629878238123474e+00   8.7871326381249071e-01   0.0000000000000000e+00   2.9999999999999999e-02  -1.8500000000000000e+02
  -3.0718859558060210e+00   8.9016178304845239e-01   0.0000000000000000e+00   2.9999999999999999e-02  -1.8600000000000000e+02
  -3.0810285145811283e+00   9.4172660576199074e-01   0.0000000000000000e+00   2.9999999999999999e-02  -1.8300000000000000e+02
  -3.0891931118887017e+00   8.5917925952620622e-01   0.0000000000000000e+00   2.9999999999999999e-02  -1.8600000000000000e+02
  -3.0983447832690696e+00   8.5580021032949027e-01   0.0000000000000000e+00   2.9999999999999999e-02  -1.8600000000000000e+02
  -3.1070043772839728e+00   8.6751887587533216e-01   0.0000000000000000e+00   2.9999999999999999e-02  -1.8300000000000000e+02
  -3.1157464715323493e+00   8.5128432383076336e-01   0.0000000000000000e+00   2.9999999999999999e-02  -1.8700000000000000e+02
  -3.1242933414339218e+00   8.6712974807695298e-01   0.0000000000000000e+00   2.9999999999999999e-02  -1.8600000000000000e+02
  -3.1323656951499479e+00   8.6703690809561262e-01   0.0000000000000000e+00   2.9999999999999999e-02  -1.8600000000000000e+02
   3.1415926535897931e+00   8.6699999999999999e-01   0.0000000000000000e+00   2.9999999999999999e-02  -1.8600000000000000e+02
   3.1327237065347582e+00   9.0203547602076051e-01   0.0000000000000000e+00   2.9999999999999999e-02  -1.8300000000000000e+02
   3.1242131753299258e+00   8.6313034936792721e-01   0.0000000000000000e+00   2.9999999999999999e-02  -1.8300000000000000e+02
   3.1154752915871708e+00   9.5732648558368005e-01   0.0000000000000000e+00   2.9999999999999999e-02  -1.8300000000000000e+02
   3.1061384088809252e+00   8.7454959836478108e-01   0.0000000000000000e+00   2.9999999999999999e-02  -1.8300000000000000e+02
   3.0977408762794685e+00   8.6683331731077340e-01   0.0000000000000000e+00   2.9999999999999999e-02  -1.8600000000000000e+02
   3.0894454303174839e+00   8.4414749895974939e-01   0.0000000000000000e+00   2.9999999999999999e-02  -1.8300000000000000e+02
   3.0800802088200907e+00   8.9469212581759106e-01   0.0000000000000000e+00   2.9999999999999999e-02  -1.8500000000000000e+02
   3.0718320409453401e+00   8.7512856198389499e-01   0.0000000000000000e+00   2.9999999999999999e-02  -1.8300000000000000e+02
   3.0628394969009198e+00   8.5163959513399790e-01   0.0000000000000000e+00   2.9999999999999999e-02  -1.8600000000000000e+02
   3.0539184467996838e+00   8.7937762082054372e-01   0.0000000000000000e+00   2.9999999999999999e-02  -1.8600000000000000e+02
   3.0459786591381182e+00   8.5892316303613558e-01   0.0000000000000000e+00   2.9999999999999999e-02  -1.8300000000000000e+02
   3.0367157148595592e+00   8.5972379285442602e-01   0.0000000000000000e+00   2.9999999999999999e-02  -1.8300000000000000e+02
   3.0285124534261443e+00   9.5711284601137803e-01   0.0000000000000000e+00   2.9999999999999999e-02  -1.8300000000000000e+02
   3.0189239980853366e+00   8.8263242632479799e-01   0.0000000000000000e+00   2.9999999999999999e-02  -1.8600000000000000e+02
   3.0109457357811853e+00   8.6739206821367687e-01   0.0000000000000000e+00   2.9999999999999999e-02  -1.8600000000000000e+02
   3.0015752960199267e+00   9.0283553319527698e-01   0.0000000000000000e+00   2.9999999999999999e-02  -1.8300000000000000e+02
   2.9928172272807574e+00   8.6353922898731117e-01   0.0000000000000000e+00   2.9999999999999999e-02  -1.8300000000000000e+02
   2.9847465465479130e+00   8.5145170150749006e-01   0.0000000000000000e+00   2.9999999999999999e-02  -1.8600000000000000e+02
   2.9758750401470397e+00   8.6687600035991308e-01   0.0000000000000000e+00   2.9999999999999999e-02  -1.8600000000000000e+02
   2.9666832629351476e+00   9.7690531782767975e-01   0.0000000000000000e+00   2.9999999999999999e-02  -1.8300000000000000e+02
   2.9587733208079152e+00   8.7457475380895822e-01   0.0000000000000000e+00   2.9999999999999999e-02  -1.8300000000000000e+02
   2.9498467511434967e+00   9.0254085780090865e-01   0.0000000000000000e+00   2.9999999999999999e-02  -1.8600000000000000e+02
   2.9410465055506796e+00   9.3371355350557061e-01   0.0000000000000000e+00   2.9999999999999999e-02  -1.8600000000000000e+02
   2.9318625427882634e+00   9.2220821943853870e-01   0.0000000000000000e+00   2.9999999999999999e-02  -1.8300000000000000e+02
   2.9229237077158512e+00   8.9429581235741007e-01   0.0000000000000000e+00   2.9999999999999999e-02  -1.8300000000000000e+02
   2.9147103400490799e+00   8.9801391971394295e-01   0.0000000000000000e+00   2.9999999999999999e-02  -1.8300000000000000e+02
   2.9054871106405509e+00   9.0202549853094505e-01   0.0000000000000000e+00   2.9999999999999999e-02  -1.8300000000000000e+02
   2.8968924644184151e+00   8.7094546327539935e-01   0.0000000000000000e+00   2.9999999999999999e-02  -1.8300000000000000e+02
   2.8885170014251909e+00   8.9862394804500956e-01   0.0000000000000000e+00   2.9999999999999999e-02  -1.8300000000000000e+02
   2.8796376927844918e+00   1.0001184929797069e+00   0.0000000000000000e+00   2.9999999999999999e-02  -1.8300000000000000e+02
   2.8712928239245685e+00   9.1004285613370972e-01   0.0000000000000000e+00   2.9999999999999999e-02  -1.8300000000000000e+02
   2.8627067422701948e+00   9.3721128887780691e-01   0.0000000000000000e+00   2.9999999999999999e-02  -1.8300000000000000e+02
   2.8537753206707097e+00   8.9480724181244753e-01   0.0000000000000000e+00   2.9999999999999999e-02  -1.8300000000000000e+02
   2.8451531483359993e+00   9.9959991996798403e-01   0.0000000000000000e+00   2.9999999999999999e-02  -1.7900000000000000e+02
   2.8355476140242901e+00   9.0610429863233732e-01   0.0000000000000000e+00   2.9999999999999999e-02  -1.8300000000000000e+02
   2.8275540285656691e+00   9.8413007270380681e-01   0.0000000000000000e+00   2.9999999999999999e-02  -1.8300000000000000e+02
   2.8188424327484105e+00   9.4899999999999995e-01   0.0000000000000000e+00   2.9999999999999999e-02  -1.8200000000000000e+02
   2.8097286639879897e+00   1.0005958224977756e+00   0.0000000000000000e+00   2.9999999999999999e-02  -1.8200000000000000e+02
   2.8008741845887246e+00   9.3367231939262285e-01   0.0000000000000000e+00   2.9999999999999999e-02  -1.8300000000000000e+02
   2.7921917004851835e+00   9.4936241762564000e-01   0.0000000000000000e+00   2.9999999999999999e-02  -1.8200000000000000e+02
   2.7835745229990616e+00   9.3316933082908382e-01   0.0000000000000000e+00   2.9999999999999999e-02  -1.8200000000000000e+02
   2.7752736421876669e+00   1.0078700313036397e+00   0.0000000000000000e+00   2.9999999999999999e-02  -1.8200000000000000e+02
   2.7667519382341954e+00   9.1772109052805362e-01   0.0000000000000000e+00   2.9999999999999999e-02  -1.8300000000000000e+02
   2.7582000039457504e+00   9.6506269226408292e-01   0.0000000000000000e+00   2.9999999999999999e-02  -1.7900000000000000e+02
   2.7487221461251456e+00   9.6123254210414666e-01   0.0000000000000000e+00   2.9999999999999999e-02  -1.8200000000000000e+02
   2.7404224214535997e+00   9.5263476736890096e-01   0.0000000000000000e+00   2.9999999999999999e-02  -1.8200000000000000e+02
   2.7313013517446394e+00   9.7273223448182289e-01   0.0000000000000000e+00   2.9999999999999999e-02  -1.8200000000000000e+02
   2.7227640336218375e+00   1.0081373914303546e+00   0.0000000000000000e+00   2.9999999999999999e-02  -1.8200000000000000e+02
   2.7135301990100866e+00   9.8046570567256464e-01   0.0000000000000000e+00   2.9999999999999999e-02  -1.8200000000000000e+02
   2.7053771858073361e+00   1.0271888823385893e+00   0.0000000000000000e+00   2.9999999999999999e-02  -1.7900000000000000e+02
   2.6963899710025201e+00   1.0426322458086552e+00   0.0000000000000000e+00   2.9999999999999999e-02  -1.8200000000000000e+02
   2.6876804810955890e+00   9.6468544095990172e-01   0.0000000000000000e+00   2.9999999999999999e-02  -1.8200000000000000e+02
   2.6792130067158983e+00   1.0581082175278669e+00   0.0000000000000000e+00   2.9999999999999999e-02  -1.8200000000000000e+02
   2.6708941452610295e+00   1.0782587815547806e+00   0.0000000000000000e+00   2.9999999999999999e-02  -1.8200000000000000e+02
   2.6621092643724662e+00   9.8846598322855805e-01   0.0000000000000000e+00   2.9999999999999999e-02  -1.7900000000000000e+02
   2.6529502509700671e+00   1.0736479870050519e+00   0.0000000000000000e+00   2.9999999999999999e-02  -1.7900000000000000e+02
   2.6440748102777101e+00   1.0036757444513642e+00   0.0000000000000000e+00   2.9999999999999999e-02  -1.8200000000000000e+02
   2.6354882744912915e+00   1.0747283377672703e+00   0.0000000000000000e+00   2.9999999999999999e-02  -1.7900000000000000e+02
   2.6263370819626459e+00   9.8831624493377623e-01   0.0000000000000000e+00   2.9999999999999999e-02  -1.8200000000000000e+02
   2.6181261552016100e+00   1.0622433807748579e+00   0.0000000000000000e+00   2.9999999999999999e-02  -1.7900000000000000e+02
   2.6094374279788601e+00   1.0583539105611128e+00   0.0000000000000000e+00   2.9999999999999999e-02  -1.8200000000000000e+02
   2.6004789500291290e+00   9.8817508570090962e-01   0.0000000000000000e+00   2.9999999999999999e-02  -1.8200000000000000e+02
   2.5920723348107853e+00   1.0741401212132429e+00   0.0000000000000000e+00   2.9999999999999999e-02  -1.7900000000000000e+02
   2.5827886090035186e+00   1.0355119506794694e+00   0.0000000000000000e+00   2.9999999999999999e-02  -1.8200000000000000e+02
   2.5744203700784425e+00   1.0386240898419408e+00   0.0000000000000000e+00   2.9999999999999999e-02  -1.7900000000000000e+02
   2.5654621311992720e+00   1.0279319043594279e+00   0.0000000000000000e+00   2.9999999999999999e-02  -1.7900000000000000e+02
   2.5567798318872921e+00   1.0433963772220027e+00   0.0000000000000000e+00   2.9999999999999999e-02  -1.7900000000000000e+02
   2.5478984510213971e+00   1.1207899000258701e+00   0.0000000000000000e+00   2.9999999999999999e-02  -1.7800000000000000e+02
   2.5396410710646213e+00   1.0737266877562466e+00   0.0000000000000000e+00   2.9999999999999999e-02  -1.7800000000000000e+02
   2.5307260026511469e+00   1.1646201097353590e+00   0.0000000000000000e+00   2.9999999999999999e-02  -1.7800000000000000e+02
   2.5221478345023010e+00   1.1557343985535777e+00   0.0000000000000000e+00   2.9999999999999999e-02  -1.8200000000000000e+02
   2.5136988358264092e+00   1.1405389077098598e+00   0.0000000000000000e+00   2.9999999999999999e-02  -1.7800000000000000e+02
   2.5043456890812936e+00   1.1832231404092806e+00   0.0000000000000000e+00   2.9999999999999999e-02  -1.7800000000000000e+02
   2.4959425509699873e+00   1.1168025787935842e+00   0.0000000000000000e+00   2.9999999999999999e-02  -1.7800000000000000e+02
   2.4876312913438219e+00   1.0898596239883374e+00   0.0000000000000000e+00   2.9999999999999999e-02  -1.7800000000000000e+02
   2.4781666457223661e+00   1.2146410992552492e+00   0.0000000000000000e+00   2.9999999999999999e-02  -1.7800000000000000e+02
   2.4693597178117477e+00   1.1208626142395863e+00   0.0000000000000000e+00   2.9999999999999999e-02  -1.7600000000000000e+02
   2.4608449576721236e+00   1.1439934440371589e+00   0.0000000000000000e+00   2.9999999999999999e-02  -1.7800000000000000e+02
   2.4523194011360419e+00   1.1714269076643238e+00   0.0000000000000000e+00   2.9999999999999999e-02  -1.7600000000000000e+02
   2.4436499227836430e+00   1.2386351359460137e+00   0.0000000000000000e+00   2.9999999999999999e-02  -1.7600000000000000e+02
   2.4348847128990485e+00   1.1873710456297981e+00   0.0000000000000000e+00   2.9999999999999999e-02  -1.7600000000000000e+02
   2.4256838520381745e+00   1.1915221357574521e+00   0.0000000000000000e+00   2.9999999999999999e-02  -1.7600000000000000e+02
   2.4171921373271417e+00   1.1483557811061866e+00   0.0000000000000000e+00   2.9999999999999999e-02  -1.7600000000000000e+02
   2.4084821831918384e+00   1.2582483856536435e+00   0.0000000000000000e+00   2.9999999999999999e-02  -1.7600000000000000e+02
   2.3999127652566483e+00   1.1487319095419959e+00   0.0000000000000000e+00   2.9999999999999999e-02  -1.7600000000000000e+02
   2.3907053134882239e+00   1.1681288456330492e+00   0.0000000000000000e+00   2.9999999999999999e-02  -1.7600000000000000e+02
   2.3818897681984748e+00   1.2109665561030163e+00   0.0000000000000000e+00   2.9999999999999999e-02  -1.7400000000000000e+02
   2.3741220083171619e+00   1.2227841183136130e+00   0.0000000000000000e+00   2.9999999999999999e-02  -1.7400000000000000e+02
   2.3653896333306319e+00   1.2304178152156282e+00   0.0000000000000000e+00   2.9999999999999999e-02  -1.7400000000000000e+02
   2.3561944901923448e+00   1.2925911960090088e+00   0.0000000000000000e+00   2.9999999999999999e-02  -1.7600000000000000e+02
   2.3471449634785619e+00   1.2502159813408242e+00   0.0000000000000000e+00   2.9999999999999999e-02  -1.7900000000000000e+02
   2.3384639464881309e+00   1.3161325921046101e+00   0.0000000000000000e+00   2.9999999999999999e-02  -1.7900000000000000e+02
   2.3304992121862149e+00   1.2109665561030163e+00   0.0000000000000000e+00   2.9999999999999999e-02  -1.7600000000000000e+02
   2.3215012577061156e+00   1.3046900014946079e+00   0.0000000000000000e+00   2.9999999999999999e-02  -1.7600000000000000e+02
   2.3124971679945650e+00   1.2464048299007831e+00   0.0000000000000000e+00   2.9999999999999999e-02  -1.7100000000000000e+02
   2.3039617321635246e+00   1.2731142918057279e+00   0.0000000000000000e+00   2.9999999999999999e-02  -1.7600000000000000e+02
   2.2950223794624871e+00   1.2029172872645899e+00   0.0000000000000000e+00   2.9999999999999999e-02  -1.7400000000000000e+02
   2.2869085315076392e+00   1.2460834642992418e+00   0.0000000000000000e+00   2.9999999999999999e-02  -1.7700000000000000e+02
   2.2779563243135548e+00   1.2575472158133865e+00   0.0000000000000000e+00   2.9999999999999999e-02  -1.7600000000000000e+02
   2.2684950510990491e+00   1.2109781170607503e+00   0.0000000000000000e+00   2.9999999999999999e-02  -1.7600000000000000e+02
   2.2606742482961497e+00   1.2381312531391815e+00   0.0000000000000000e+00   2.9999999999999999e-02  -1.7600000000000000e+02
   2.2518353862569711e+00   1.2150559657892306e+00   0.0000000000000000e+00   2.9999999999999999e-02  -1.7800000000000000e+02
   2.2425755113889525e+00   1.1600637913494241e+00   0.0000000000000000e+00   2.9999999999999999e-02  -1.7400000000000000e+02
   2.2341680424773491e+00   1.1676305066244201e+00   0.0000000000000000e+00   2.9999999999999999e-02  -1.7100000000000000e+02
   2.2256757932502986e+00   1.1952773736668825e+00   0.0000000000000000e+00   2.9999999999999999e-02  -1.7100000000000000e+02
   2.2164770989587206e+00   1.2846030515299269e+00   0.0000000000000000e+00   2.9999999999999999e-02  -1.7100000000000000e+02
   2.2077347734468806e+00   1.2190262507427803e+00   0.0000000000000000e+00   2.9999999999999999e-02  -1.7100000000000000e+02
   2.1988843980312853e+00   1.2457479680898540e+00   0.0000000000000000e+00   2.9999999999999999e-02  -1.7400000000000000e+02
   2.1906015658056104e+00   1.3083673031683418e+00   0.0000000000000000e+00   2.9999999999999999e-02  -1.7100000000000000e+02
   2.1814665000661089e+00   1.4683912966236214e+00   0.0000000000000000e+00   2.9999999999999999e-02   2.8700000000000000e+02
   2.1729445110332866e+00   2.9607311596968744e+00   0.0000000000000000e+00   2.9999999999999999e-02  -1.9800000000000000e+02
   2.1641909453501089e+00   3.0348088901939114e+00   0.0000000000000000e+00   2.9999999999999999e-02  -2.0200000000000000e+02
   2.1554183441034240e+00   2.9535180717239569e+00   0.0000000000000000e+00   2.9999999999999999e-02  -2.0200000000000000e+02
   2.1467445133062473e+00   2.9451173151506209e+00   0.0000000000000000e+00   2.9999999999999999e-02  -2.0200000000000000e+02
   2.1380025423742337e+00   2.8942194111711710e+00   0.0000000000000000e+00   2.9999999999999999e-02  -2.0200000000000000e+02
   2.1292522678249499e+00   2.9572881158250377e+00   0.0000000000000000e+00   2.9999999999999999e-02  -2.0200000000000000e+02
   2.1204489000034954e+00   2.8790694677273767e+00   0.0000000000000000e+00   2.9999999999999999e-02  -2.0200000000000000e+02
   2.1119976877349345e+00   2.8515078467365296e+00   0.0000000000000000e+00   2.9999999999999999e-02  -1.9900000000000000e+02
   2.1031351948685808e+00   2.8864154240164392e+00   0.0000000000000000e+00   2.9999999999999999e-02  -2.0200000000000000e+02
   2.0943909266784857e+00   2.8440205695458678e+00   0.0000000000000000e+00   2.9999999999999999e-02  -2.0200000000000000e+02
   2.0857208757003933e+00   2.8793679862080843e+00   0.0000000000000000e+00   2.9999999999999999e-02  -1.9900000000000000e+02
   2.0769814040587500e+00   2.8710250782603763e+00   0.0000000000000000e+00   2.9999999999999999e-02  -1.9900000000000000e+02
   2.0683566157531459e+00   2.7698447609929335e+00   0.0000000000000000e+00   2.9999999999999999e-02  -1.9900000000000000e+02
   2.0593752365953493e+00   2.8165320875147155e+00   0.0000000000000000e+00   2.9999999999999999e-02  -1.9900000000000000e+02
   2.0507291409390485e+00   2.7462556326751519e+00   0.0000000000000000e+00   2.9999999999999999e-02  -1.9900000000000000e+02
   2.0418715401986596e+00   2.7696701969729176e+00   0.0000000000000000e+00   2.9999999999999999e-02  -1.9900000000000000e+02
   2.0331610628625247e+00   2.7888262764109206e+00   0.0000000000000000e+00   2.9999999999999999e-02  -1.9900000000000000e+02
   2.0245857720923750e+00   2.8126629730559616e+00   0.0000000000000000e+00   2.9999999999999999e-02  -1.9800000000000000e+02
   2.0156940589825374e+00   2.6953829041529516e+00   0.0000000000000000e+00   2.9999999999999999e-02  -1.9900000000000000e+02
   2.0071537752061852e+00   2.6878601154077941e+00   0.0000000000000000e+00   2.9999999999999999e-02  -1.9900000000000000e+02
   1.9985264210185931e+00   2.7771987685435842e+00   0.0000000000000000e+00   2.9999999999999999e-02  -1.9800000000000000e+02
   1.9896279130172592e+00   2.6752345691546378e+00   0.0000000000000000e+00   2.9999999999999999e-02  -1.9900000000000000e+02
   1.9809088512045845e+00   2.6911620166760675e+00   0.0000000000000000e+00   2.9999999999999999e-02  -1.9800000000000000e+02
   1.9721604452047632e+00   2.6799809700816906e+00   0.0000000000000000e+00   2.9999999999999999e-02  -1.9800000000000000e+02
   1.9634478557041737e+00   2.6604676280684192e+00   0.0000000000000000e+00   2.9999999999999999e-02  -1.9800000000000000e+02
   1.9546401114862340e+00   2.7263941387847797e+00   0.0000000000000000e+00   2.9999999999999999e-02  -1.9800000000000000e+02
   1.9462688374566219e+00   2.6560340735766172e+00   0.0000000000000000e+00   2.9999999999999999e-02  -1.9800000000000000e+02
   1.9375401918123525e+00   2.6716661468080178e+00   0.0000000000000000e+00   2.9999999999999999e-02  -1.9500000000000000e+02
   1.9285490280446964e+00   2.6444290499085050e+00   0.0000000000000000e+00   2.9999999999999999e-02  -1.9500000000000000e+02
   1.9198898797983182e+00   2.6487651840055584e+00   0.0000000000000000e+00   2.9999999999999999e-02  -1.9800000000000000e+02
   1.9109923213263091e+00   2.6403185413885195e+00   0.0000000000000000e+00   2.9999999999999999e-02  -1.9500000000000000e+02
   1.9023209152963441e+00   2.6207046762273696e+00   0.0000000000000000e+00   2.9999999999999999e-02  -1.9800000000000000e+02
   1.8937516998856803e+00   2.6246923629256056e+00   0.0000000000000000e+00   2.9999999999999999e-02  -1.9500000000000000e+02
   1.8849838015738383e+00   2.6759958893839877e+00   0.0000000000000000e+00   2.9999999999999999e-02  -1.9800000000000000e+02
   1.8764034696244718e+00   2.5858151519395198e+00   0.0000000000000000e+00   2.9999999999999999e-02  -1.9800000000000000e+02
   1.8673623793942562e+00   2.6245740606810846e+00   0.0000000000000000e+00   2.9999999999999999e-02  -1.9600000000000000e+02
   1.8586864845908295e+00   2.5781016271667800e+00   0.0000000000000000e+00   2.9999999999999999e-02  -1.9800000000000000e+02
   1.8499935094489826e+00   2.6017474896692030e+00   0.0000000000000000e+00   2.9999999999999999e-02  -1.9500000000000000e+02
   1.8413475169219820e+00   2.5705053977768650e+00   0.0000000000000000e+00   2.9999999999999999e-02  -1.9600000000000000e+02
   1.8324894519452675e+00   2.5394601788569160e+00   0.0000000000000000e+00   2.9999999999999999e-02  -1.9800000000000000e+02
   1.8237366051351773e+00   2.5893923997725801e+00   0.0000000000000000e+00   2.9999999999999999e-02  -1.9400000000000000e+02
   1.8150096595440652e+00   2.5352256309843506e+00   0.0000000000000000e+00   2.9999999999999999e-02  -1.9500000000000000e+02
   1.8062650531312807e+00   2.5503774230493810e+00   0.0000000000000000e+00   2.9999999999999999e-02  -1.9800000000000000e+02
   1.7976825339819578e+00   2.5739667830024535e+00   0.0000000000000000e+00   2.9999999999999999e-02  -1.9500000000000000e+02
   1.7890367318765592e+00   2.5310363490080503e+00   0.0000000000000000e+00   2.9999999999999999e-02  -1.9600000000000000e+02
   1.7802101730280993e+00   2.5783289161780734e+00   0.0000000000000000e+00   2.9999999999999999e-02  -1.9500000000000000e+02
   1.7717000970904577e+00   2.5155971458085253e+00   0.0000000000000000e+00   2.9999999999999999e-02  -1.9500000000000000e+02
   1.7627156590892588e+00   2.5426838183305449e+00   0.0000000000000000e+00   2.9999999999999999e-02  -1.9500000000000000e+02
   1.7540350303799519e+00   2.5629063580240308e+00   0.0000000000000000e+00   2.9999999999999999e-02  -1.9600000000000000e+02
   1.7455375055919489e+00   2.5193659916733018e+00   0.0000000000000000e+00   2.9999999999999999e-02  -1.9600000000000000e+02
   1.7365925466949406e+00   2.5388140932332952e+00   0.0000000000000000e+00   2.9999999999999999e-02  -1.9500000000000000e+02
   1.7276839297171345e+00   2.5472848289894872e+00   0.0000000000000000e+00   2.9999999999999999e-02  -1.9800000000000000e+02
   1.7191332426614461e+00   2.5034927601253414e+00   0.0000000000000000e+00   2.9999999999999999e-02  -1.9500000000000000e+02
   1.7103062084867242e+00   2.4881744311844378e+00   0.0000000000000000e+00   2.9999999999999999e-02  -2.0600000000000000e+02
   1.7017254036519520e+00   2.5659620028363630e+00   0.0000000000000000e+00   2.9999999999999999e-02  -2.0200000000000000e+02
   1.6927988457754111e+00   2.5308117274898185e+00   0.0000000000000000e+00   2.9999999999999999e-02  -2.0200000000000000e+02
   1.6843022894836550e+00   2.4809647317122425e+00   0.0000000000000000e+00   2.9999999999999999e-02  -2.0400000000000000e+02
   1.6754392578284214e+00   2.4604589002866923e+00   0.0000000000000000e+00   2.9999999999999999e-02  -1.9600000000000000e+02
   1.6666554739049100e+00   2.5075119142289233e+00   0.0000000000000000e+00   2.9999999999999999e-02  -1.9500000000000000e+02
   1.6580129309249039e+00   2.4452944607960814e+00   0.0000000000000000e+00   2.9999999999999999e-02  -1.9800000000000000e+02
   1.6495158187937142e+00   2.4415609760970542e+00   0.0000000000000000e+00   2.9999999999999999e-02  -2.0600000000000000e+02
   1.6405643928717017e+00   2.4529675904911588e+00   0.0000000000000000e+00   2.9999999999999999e-02  -2.1000000000000000e+02
   1.6320540267749248e+00   2.4175344878615483e+00   0.0000000000000000e+00   2.9999999999999999e-02  -2.0900000000000000e+02
   1.6231843510261466e+00   2.4253274005791470e+00   0.0000000000000000e+00   2.9999999999999999e-02  -2.0200000000000000e+02
   1.6142821908894240e+00   2.4843486067780423e+00   0.0000000000000000e+00   2.9999999999999999e-02  -2.0400000000000000e+02
   1.6055249283940811e+00   2.3904413818372539e+00   0.0000000000000000e+00   2.9999999999999999e-02  -2.0600000000000000e+02
   1.5967753926766439e+00   2.3868053963404727e+00   0.0000000000000000e+00   2.9999999999999999e-02  -2.0600000000000000e+02
   1.5883677399108795e+00   2.3903690091699232e+00   0.0000000000000000e+00   2.9999999999999999e-02  -2.0600000000000000e+02
   1.5795097992119502e+00   2.4100914920392547e+00   0.0000000000000000e+00   2.9999999999999999e-02  -2.0300000000000000e+02
