% Test path for Autocalibration. Format: x y theta. Creator: CreateTestPath.m
% Project Nurobot/Anronaut Autocalibration, Dec. 2014, koa
 -0.944     1.778    -1.978
 -1.206     1.227    -2.057
 -1.533     0.687    -2.180
 -1.934     0.206    -2.363
 -2.418    -0.167    -2.613
 -2.974    -0.431    -2.754
 -3.555    -0.670    -2.725
 -4.126    -0.933    -2.717
 -4.698    -1.161    -2.830
 -5.285    -1.284    -3.039
 -5.892    -1.303     3.120
 -6.517    -1.278     3.103
 -7.157    -1.274    -3.099
 -7.806    -1.334    -3.015
 -8.455    -1.424    -3.002
 -9.094    -1.499    -3.062
 -9.712    -1.509     3.079
-10.299    -1.407     2.844
-10.842    -1.145     2.540
-11.300    -0.712     2.219
-11.570    -0.160     1.830
-11.646     0.457     1.596
-11.638     1.091     1.524
-11.541     1.699     1.249
-11.225     2.237     0.850
-10.728     2.635     0.498
-10.142     2.831     0.170
 -9.520     2.883     0.032
 -8.892     2.898     0.018
 -8.271     2.906     0.007
 -7.660     2.907    -0.004
 -7.061     2.903    -0.008
 -6.463     2.900     0.003
 -5.848     2.909     0.028
 -5.200     2.939     0.064
 -4.526     3.014     0.208
 -4.011     3.270     0.865
 -3.822     3.816     1.470
 -3.808     4.506     1.575
 -3.829     5.170     1.681
 -4.003     5.729     2.135
 -4.449     6.134     2.606
 -5.044     6.391     2.841
 -5.649     6.525     2.992
 -6.259     6.591     3.068
 -6.876     6.621     3.114
 -7.497     6.628     3.141
 -8.116     6.625    -3.131
 -8.731     6.611    -3.104
 -9.347     6.574    -3.055
 -9.967     6.499    -2.986
-10.585     6.364    -2.833
-11.124     6.081    -2.442
-11.510     5.596    -2.074
-11.743     5.000    -1.826
-11.829     4.381    -1.585
-11.756     3.761    -1.322
-11.514     3.163    -1.045
-11.112     2.685    -0.664
-10.573     2.448    -0.191
 -9.945     2.413     0.036
 -9.293     2.452     0.055
 -8.663     2.473     0.014
 -8.049     2.474    -0.007
 -7.440     2.469    -0.008
 -6.825     2.467     0.002
 -6.205     2.469     0.000
 -5.586     2.465    -0.012
 -4.969     2.455    -0.017
 -4.352     2.446    -0.011
 -3.732     2.444     0.006
 -3.107     2.452    -0.000
 -2.494     2.406    -0.185
 -1.910     2.217    -0.420
 -1.345     1.911    -0.575
 -0.864     1.501    -0.877
 -0.608     0.967    -1.367
 -0.567     0.336    -1.589
 -0.572    -0.313    -1.519
 -0.443    -0.897    -1.117
